logFC	logCPM	LR	PValue	FDR	geneId
3.290930732	6.444537136	454.5243746	7.47E-101	1.43E-96	AT3G48100
2.495202635	5.979808498	382.6314471	3.33E-85	3.18E-81	AT5G62920
2.36813139	6.802427628	353.2915376	8.14E-79	5.18E-75	AT4G15230
2.68938594	4.987437845	345.4870205	4.07E-77	1.95E-73	AT2G20080
2.287595462	5.366330656	340.7789867	4.32E-76	1.65E-72	AT3G29670
2.432884522	6.808687472	324.6940322	1.38E-72	4.38E-69	AT1G67110
2.601227826	4.591921823	317.4672727	5.16E-71	1.41E-67	AT1G75450
2.153124005	5.275365249	297.5385006	1.13E-66	2.71E-63	AT1G12710
2.499209928	6.753136176	270.3687727	9.43E-61	2.00E-57	AT1G19050
2.027618936	6.275380968	238.2403018	9.51E-54	1.82E-50	AT5G51780
1.752183949	7.169142335	222.3027149	2.85E-50	4.94E-47	AT1G13420
1.753651472	6.125292955	221.9274202	3.44E-50	5.47E-47	AT1G12740
2.178452302	5.860274607	216.5855888	5.03E-49	7.39E-46	AT3G50300
2.2470422	3.332107263	214.3794031	1.52E-48	2.08E-45	AT3G05770
2.154702719	4.865373498	213.9533205	1.89E-48	2.40E-45	AT1G67195
1.856493376	6.600417257	211.3647896	6.92E-48	8.27E-45	AT2G17820
1.716522549	6.149613516	209.0247089	2.24E-47	2.52E-44	AT1G04240
2.367672714	3.570384191	200.4180059	1.69E-45	1.80E-42	AT5G65030
2.032233403	3.568437851	193.135653	6.58E-44	6.62E-41	AT4G21120
1.774158331	4.987970902	192.8448709	7.61E-44	7.27E-41	AT3G18773
2.88646476	4.320430109	189.0883359	5.03E-43	4.58E-40	AT5G56320
1.848916474	5.997961413	185.3940402	3.22E-42	2.80E-39	AT2G41310
1.892568834	5.343807605	181.6384822	2.13E-41	1.77E-38	AT5G67620
3.12158595	2.405251026	180.5355825	3.70E-41	2.95E-38	AT1G34330
2.195536132	6.437795183	178.7388174	9.14E-41	6.99E-38	AT2G25160
2.134493056	3.416962083	176.9787103	2.21E-40	1.63E-37	AT5G14070
2.413335135	3.761886825	175.4703401	4.73E-40	3.35E-37	AT1G49450
3.339239129	2.9945113	172.5120527	2.09E-39	1.43E-36	AT5G56970
4.035553637	2.089912579	171.5546801	3.39E-39	2.23E-36	AT2G40670
3.813160827	2.355640151	166.3675885	4.60E-38	2.93E-35	AT1G74890
3.834578832	1.637106798	165.5787208	6.84E-38	4.22E-35	AT2G46660
5.601133201	1.920003602	150.2056034	1.56E-34	9.34E-32	AT3G56380
4.360535282	2.196210053	147.2589142	6.89E-34	3.99E-31	AT2G43470
1.881486312	7.50713887	144.2603326	3.12E-33	1.75E-30	AT1G10470
2.429713559	6.627625909	140.5336374	2.03E-32	1.11E-29	AT5G47980
2.780365689	5.87692357	140.2688287	2.33E-32	1.23E-29	AT3G44326
1.476830169	4.451693917	138.9297003	4.56E-32	2.36E-29	AT1G13740
2.388558066	6.767768651	136.512039	1.54E-31	7.76E-29	AT1G03850
2.146630493	3.516356637	136.2573164	1.75E-31	8.59E-29	AT4G29740
2.027914176	4.450440041	136.1643581	1.84E-31	8.78E-29	AT5G62420
2.01000654	4.649459802	135.7723282	2.24E-31	1.04E-28	AT4G03610
-1.531154199	4.316371442	135.0455807	3.23E-31	1.47E-28	AT5G20820
1.42974977	5.093623631	134.8409758	3.58E-31	1.59E-28	AT5G04330
1.557353136	5.030717279	134.0951939	5.21E-31	2.26E-28	AT1G74458
1.698101388	3.593968354	128.7117867	7.84E-30	3.33E-27	AT1G68360
2.549269282	2.359840444	124.7958288	5.64E-29	2.34E-26	AT5G65800
1.853050276	5.143944795	124.6938256	5.94E-29	2.42E-26	AT1G22400
1.483524636	4.274772631	123.6932259	9.83E-29	3.92E-26	AT1G28100
3.773907721	0.986768325	119.6564041	7.52E-28	2.93E-25	AT1G06980
1.365695904	5.731876199	119.3985363	8.57E-28	3.28E-25	AT4G29720
1.576547384	4.923137291	116.6299573	3.46E-27	1.30E-24	AT2G42850
3.288891787	1.485061949	116.3233971	4.04E-27	1.48E-24	AT4G15660
1.864721329	5.180799527	114.9199075	8.19E-27	2.96E-24	AT4G25400
3.327533393	1.324249357	113.733733	1.49E-26	5.28E-24	AT1G34520
1.553022356	6.289641879	113.0410958	2.11E-26	7.35E-24	AT5G26290
1.160555645	5.334721144	108.5038095	2.08E-25	7.12E-23	AT5G47940
1.697045682	6.545695496	106.8326636	4.84E-25	1.62E-22	AT3G45700
1.414122955	3.814263061	105.8359662	8.01E-25	2.64E-22	AT3G44940
-1.410435335	7.344853704	105.6324515	8.88E-25	2.88E-22	AT1G77330
1.566112135	4.235832543	104.7021523	1.42E-24	4.52E-22	AT3G11720
1.930786526	6.380350193	103.1739058	3.07E-24	9.62E-22	AT1G64590
1.458847604	5.175838223	99.95110244	1.56E-23	4.82E-21	AT3G45680
1.270090436	6.208152728	99.64105351	1.83E-23	5.54E-21	AT4G22570
-1.811649518	3.347655449	99.60902346	1.86E-23	5.55E-21	AT1G05650
1.41832276	4.574042826	99.42692546	2.04E-23	5.99E-21	AT2G39705
1.369322461	3.838693057	98.66708823	2.99E-23	8.65E-21	AT5G51790
1.422312604	5.633019187	95.93061914	1.19E-22	3.39E-20	AT3G15990
2.283975231	4.024359652	95.09886139	1.81E-22	5.09E-20	AT1G59940
-2.303295614	1.941048518	93.92331491	3.28E-22	9.09E-20	AT1G53700
1.500117882	5.317655114	93.83015811	3.44E-22	9.39E-20	AT4G28350
1.411239595	5.541078604	93.60923368	3.84E-22	1.03E-19	AT3G57040
1.168640849	4.136044738	91.79880194	9.60E-22	2.55E-19	AT3G13620
1.163764747	5.190699484	91.11679517	1.35E-21	3.55E-19	AT5G54130
1.343113332	7.101125725	90.83485851	1.56E-21	4.03E-19	AT3G57010
1.170214665	5.402272505	89.93750883	2.46E-21	6.27E-19	AT1G80120
1.057926073	5.671943146	89.78534023	2.65E-21	6.68E-19	AT4G39070
1.962739336	4.735216863	89.41307643	3.20E-21	7.95E-19	AT1G16530
-1.352483125	4.052521204	88.17735764	5.98E-21	1.47E-18	AT4G31320
1.256459553	4.857345333	87.42729169	8.74E-21	2.12E-18	AT1G44160
1.079599774	5.67011985	87.35375389	9.07E-21	2.17E-18	AT1G10480
2.209343669	4.936202423	87.28487413	9.40E-21	2.22E-18	AT2G35980
-1.035852592	5.007464169	86.36608182	1.50E-20	3.49E-18	AT1G07260
-1.866948177	3.103315257	85.47552276	2.35E-20	5.40E-18	AT2G28690
1.711267579	3.008825254	85.40013119	2.44E-20	5.55E-18	AT2G37450
-1.084542879	6.772668475	84.92398597	3.10E-20	6.93E-18	AT3G23030
1.172116191	5.193769344	84.91373281	3.12E-20	6.93E-18	AT5G47950
-1.060271406	4.382137895	80.81858184	2.47E-19	5.44E-17	AT3G23150
1.473537153	2.952016263	80.00789656	3.73E-19	8.10E-17	AT2G22790
2.3632052	5.616315553	79.95721103	3.83E-19	8.22E-17	AT4G25410
-1.722090489	3.474165511	79.48434379	4.86E-19	1.03E-16	AT4G13620
1.43223288	3.755693421	79.33315745	5.25E-19	1.10E-16	AT4G22620
1.096570572	4.818906032	79.17443331	5.69E-19	1.18E-16	AT3G25597
1.464683395	4.503934201	79.0683295	6.00E-19	1.23E-16	AT2G19060
1.216494614	8.574932907	78.63495643	7.47E-19	1.52E-16	AT2G17500
1.222172916	5.872324719	77.5351346	1.30E-18	2.62E-16	AT3G21710
1.155266083	4.586135529	75.99403821	2.85E-18	5.67E-16	AT1G64890
1.212129418	3.91559732	74.84559173	5.09E-18	1.00E-15	AT4G19680
1.378259652	3.230530575	74.54635793	5.92E-18	1.16E-15	AT3G24310
1.195356327	3.743410241	73.77187568	8.77E-18	1.69E-15	AT5G10970
1.5368405	3.072760728	73.58496478	9.64E-18	1.84E-15	AT5G11160
-2.017417296	1.569812604	73.3752197	1.07E-17	2.03E-15	AT5G38940
0.941780767	5.769740833	73.32394137	1.10E-17	2.06E-15	AT1G13300
0.950925541	5.916394104	73.09218827	1.24E-17	2.30E-15	AT1G77740
-1.33435071	4.314911486	72.42325333	1.74E-17	3.19E-15	AT1G49570
1.222059709	3.803231118	72.35911626	1.79E-17	3.27E-15	AT3G47820
1.024781588	6.695232194	72.04599843	2.10E-17	3.79E-15	AT2G20960
0.998164279	5.091471217	71.91128606	2.25E-17	4.02E-15	AT1G67030
-1.80036965	2.705966479	70.79675355	3.96E-17	7.01E-15	AT5G49620
-1.207350417	4.937222522	70.53637716	4.52E-17	7.92E-15	AT3G02170
1.624020418	5.082807164	70.51543249	4.57E-17	7.94E-15	AT5G65140
-0.92825768	5.364113598	69.95197862	6.08E-17	1.05E-14	AT2G43340
1.122437215	3.692087207	69.77092929	6.66E-17	1.14E-14	AT5G03890
2.887433257	1.059169872	69.18255493	8.98E-17	1.52E-14	AT4G25420
1.299693529	5.889283122	68.93863584	1.02E-16	1.70E-14	AT1G49500
2.779765028	1.961050022	68.82267174	1.08E-16	1.79E-14	AT2G30540
1.00961205	6.017956972	68.63272602	1.19E-16	1.95E-14	AT2G29490
1.873602845	2.039546054	67.88750915	1.73E-16	2.83E-14	AT4G24890
2.885959174	1.168069715	67.78860773	1.82E-16	2.95E-14	AT5G10990
1.748499197	1.844628754	67.63578137	1.97E-16	3.16E-14	AT5G57180
0.917799002	4.857257491	66.93836399	2.80E-16	4.43E-14	AT1G67900
1.328877098	3.248579773	66.93540827	2.81E-16	4.43E-14	AT1G10460
1.170703393	6.947450065	66.18239144	4.11E-16	6.44E-14	AT2G22770
1.230270266	4.452602129	65.97258671	4.57E-16	7.11E-14	AT1G30040
0.899900641	5.289655286	65.30868213	6.40E-16	9.87E-14	AT2G01930
1.279164891	3.992685208	65.22535939	6.68E-16	1.02E-13	AT5G19260
0.927941689	5.236107636	65.21157169	6.73E-16	1.02E-13	AT3G07350
0.943823655	5.53920647	65.19963649	6.77E-16	1.02E-13	AT5G36180
-1.055658801	4.620729664	64.92742073	7.77E-16	1.16E-13	AT5G13910
0.960182074	4.365407358	64.15899799	1.15E-15	1.70E-13	AT1G12420
-2.284503363	1.66685164	64.12867031	1.17E-15	1.71E-13	AT2G20880
-1.310621573	3.066122893	63.90200988	1.31E-15	1.91E-13	AT5G14360
2.188490693	1.371101386	63.86892265	1.33E-15	1.93E-13	AT1G62190
0.944650567	7.596066716	63.18543194	1.88E-15	2.70E-13	AT4G11190
2.098889272	1.864670883	62.62718696	2.50E-15	3.56E-13	AT1G48870
0.893879873	5.534356956	62.5607915	2.58E-15	3.66E-13	AT5G57630
1.069063908	4.661853217	62.04567765	3.36E-15	4.70E-13	AT2G34355
1.452966072	4.424698818	62.03938098	3.37E-15	4.70E-13	AT2G40230
1.133162661	6.683609355	61.75713103	3.89E-15	5.38E-13	AT2G01830
-1.826555819	1.699645086	61.72901508	3.94E-15	5.42E-13	AT5G67020
1.326328382	4.588522333	61.15905374	5.26E-15	7.19E-13	AT4G39770
1.25810008	6.225250896	61.00013171	5.71E-15	7.74E-13	AT2G32510
1.314081124	4.401332735	60.78570501	6.36E-15	8.57E-13	AT3G50700
-1.46286488	2.659295319	60.10704611	8.98E-15	1.20E-12	AT1G02460
1.671591363	3.203201107	59.96243712	9.67E-15	1.28E-12	AT5G44417
1.471159081	2.349779447	59.23967727	1.40E-14	1.84E-12	AT5G57400
-1.0374037	4.36192089	59.20868506	1.42E-14	1.86E-12	AT2G34140
-0.9384869	5.200901654	58.24541594	2.31E-14	3.01E-12	AT3G53540
1.825840209	2.136075604	58.02615587	2.59E-14	3.34E-12	AT2G19410
2.174420496	1.136536721	58.01140836	2.61E-14	3.34E-12	AT2G22750
4.917036372	-0.060953169	57.84277237	2.84E-14	3.62E-12	AT4G14250
0.846855665	5.781141871	57.83119617	2.86E-14	3.62E-12	AT1G58170
0.821373491	6.599420144	57.68518396	3.08E-14	3.87E-12	AT2G30520
0.98861356	6.002284936	57.27513923	3.79E-14	4.73E-12	AT2G31020
-1.179322924	3.939571759	57.21182875	3.91E-14	4.86E-12	AT1G70230
-0.964817285	6.35011178	56.96597196	4.43E-14	5.47E-12	AT2G39350
0.881318109	7.535477933	56.91731542	4.55E-14	5.57E-12	AT2G16500
1.834158868	1.530693919	56.15280876	6.71E-14	8.16E-12	AT1G52342
2.146521701	1.116864695	55.89785508	7.63E-14	9.24E-12	AT4G03600
-1.105393979	3.892668016	55.5501505	9.11E-14	1.10E-11	AT5G53420
0.907475737	8.570697853	54.80174168	1.33E-13	1.59E-11	AT5G40390
0.814737485	6.120740905	54.66693125	1.43E-13	1.70E-11	AT1G15100
-1.328828355	2.38466411	54.58320361	1.49E-13	1.76E-11	AT2G03500
1.426706486	4.936266814	54.0821492	1.92E-13	2.26E-11	AT1G21120
1.056243196	3.952834796	53.77871705	2.24E-13	2.61E-11	AT1G31940
1.802068336	4.403934109	53.77287174	2.25E-13	2.61E-11	AT4G28840
-1.024595307	5.078407138	53.51091861	2.57E-13	2.96E-11	AT5G10720
1.463273328	4.337661558	53.41902767	2.69E-13	3.08E-11	AT1G58190
1.698775437	2.711921301	53.11956365	3.14E-13	3.57E-11	AT4G15680
-0.893633138	4.278123865	52.25546382	4.87E-13	5.51E-11	AT5G58750
-0.969625711	4.000057082	52.10810905	5.25E-13	5.91E-11	AT1G05660
0.911120208	4.463174843	51.28901648	7.97E-13	8.91E-11	AT1G63720
1.526356951	1.982211987	51.12892085	8.65E-13	9.61E-11	AT2G40200
1.011345238	4.110064843	51.06385335	8.94E-13	9.88E-11	AT1G60010
0.882916794	4.069409926	51.03479858	9.07E-13	9.97E-11	AT4G37080
2.156453829	3.771668603	50.8094142	1.02E-12	1.11E-10	AT2G34610
0.978464551	3.793563589	50.12587109	1.44E-12	1.57E-10	AT5G16230
0.790393657	5.794644269	50.02535582	1.52E-12	1.64E-10	AT5G52560
1.106455369	3.039221206	49.75268621	1.74E-12	1.87E-10	AT5G23950
1.352442886	3.890524986	49.6840055	1.81E-12	1.93E-10	AT1G13510
1.577453691	3.503061781	49.65576442	1.83E-12	1.95E-10	AT1G31320
1.003296373	3.239073112	49.56600252	1.92E-12	2.03E-10	AT1G35515
-1.295219552	2.957016981	49.21274856	2.30E-12	2.41E-10	AT4G25560
1.258256372	6.545809862	48.89511595	2.70E-12	2.82E-10	AT1G78120
-1.000722454	4.164452832	48.8566208	2.75E-12	2.85E-10	AT2G30130
-1.316157009	3.595669804	48.85293528	2.76E-12	2.85E-10	AT2G43140
0.891562517	3.902422238	48.73506212	2.93E-12	3.01E-10	AT5G62960
1.094220085	4.201282178	48.42465351	3.43E-12	3.51E-10	AT3G01513
-0.876332863	3.842645188	48.32683765	3.61E-12	3.67E-10	AT3G03280
1.566437879	1.962348886	48.24165156	3.77E-12	3.81E-10	AT1G19840
0.792298474	5.10802422	47.68664477	5.00E-12	5.03E-10	AT2G35000
0.807193491	4.499690581	47.52353749	5.43E-12	5.44E-10	AT2G04100
0.784442545	5.032044712	47.49447849	5.52E-12	5.49E-10	AT3G50900
0.868629454	4.476775073	47.457811	5.62E-12	5.57E-10	AT3G16560
0.783525346	6.227306958	47.18370346	6.46E-12	6.37E-10	AT4G24015
0.860720976	3.849488935	47.11080204	6.71E-12	6.58E-10	AT1G28310
0.87547862	5.89705829	46.96946538	7.21E-12	7.03E-10	AT2G26980
-1.645334396	1.644587174	46.63937885	8.53E-12	8.28E-10	AT3G48920
-1.143029216	4.140675272	46.52256512	9.06E-12	8.74E-10	AT2G43060
-1.875470407	1.479673996	46.31698337	1.01E-11	9.66E-10	AT1G27670
1.028619531	3.130597596	46.30486535	1.01E-11	9.67E-10	AT5G61570
2.522868541	1.788800738	46.29020899	1.02E-11	9.70E-10	AT5G24920
1.920929923	0.906879346	45.9222376	1.23E-11	1.16E-09	AT5G41680
0.747497513	5.675605495	45.45045956	1.57E-11	1.47E-09	AT2G36870
-0.761503581	6.003379212	45.44186342	1.57E-11	1.47E-09	AT4G26080
1.37022877	1.943252474	45.27975607	1.71E-11	1.59E-09	AT4G15690
1.075093759	3.252691526	45.27686943	1.71E-11	1.59E-09	AT3G48390
1.148834117	3.450501647	44.68426746	2.32E-11	2.14E-09	AT5G22930
1.153538898	5.039850331	44.59570002	2.42E-11	2.22E-09	AT4G02850
0.9243917	4.566567695	44.59103432	2.43E-11	2.22E-09	AT1G49510
1.003034022	3.923138875	44.38785076	2.69E-11	2.45E-09	AT4G34750
-1.265402799	2.104221339	44.37252483	2.71E-11	2.46E-09	AT2G15830
-0.922684863	4.095450536	44.06848233	3.17E-11	2.86E-09	AT5G12330
0.847652807	4.246065481	43.89599574	3.46E-11	3.11E-09	AT1G09390
1.701576156	1.485915162	43.87944664	3.49E-11	3.11E-09	AT4G16000
1.362492382	1.935342611	43.87908638	3.49E-11	3.11E-09	AT3G46170
1.027187272	3.989974411	43.59916992	4.03E-11	3.57E-09	AT3G28600
0.932030048	4.539518241	43.42637408	4.40E-11	3.88E-09	AT2G43550
2.157196334	0.792525247	43.25802768	4.80E-11	4.21E-09	AT3G55515
-0.831073811	5.35926011	43.23713876	4.85E-11	4.23E-09	AT4G01630
1.277143002	3.201559156	43.15592316	5.05E-11	4.39E-09	AT2G26480
-0.928705917	4.646245326	42.95982904	5.59E-11	4.83E-09	AT4G04745
1.177800969	2.373136668	42.8394539	5.94E-11	5.12E-09	AT1G01480
0.809365225	6.159406964	42.7198096	6.32E-11	5.41E-09	AT3G45070
1.149397185	5.258642015	42.71144901	6.34E-11	5.41E-09	AT5G41590
0.7553582	7.257916326	42.47710608	7.15E-11	6.08E-09	AT4G29930
-0.827223649	5.647976652	42.45456299	7.23E-11	6.12E-09	AT5G53550
-0.875491923	4.026536411	42.43317147	7.31E-11	6.16E-09	AT1G78090
0.796743831	5.311978992	42.26638425	7.96E-11	6.68E-09	AT3G54950
1.235812182	2.329125052	42.12593003	8.56E-11	7.14E-09	AT4G34800
1.144387848	3.616490001	41.92190643	9.50E-11	7.90E-09	AT3G53960
1.030691496	4.139028999	41.75477295	1.03E-10	8.56E-09	AT5G54510
0.789986011	4.899443328	41.67080456	1.08E-10	8.90E-09	AT2G32930
0.784435527	7.214880222	41.64232494	1.10E-10	8.99E-09	AT5G49480
0.765146683	6.188801175	41.57550901	1.13E-10	9.26E-09	AT5G27930
0.80925939	7.402029412	41.55799473	1.14E-10	9.31E-09	AT5G06300
-1.527033414	2.263994336	41.43856393	1.22E-10	9.85E-09	AT1G29020
0.820064057	4.87787167	41.11465564	1.44E-10	1.16E-08	AT4G31450
-0.726422814	6.02142959	40.79117091	1.69E-10	1.36E-08	AT5G51550
0.773778394	6.439290975	40.64926761	1.82E-10	1.46E-08	AT5G59450
-1.405747546	2.323462647	40.61726879	1.85E-10	1.47E-08	AT3G06490
-0.686442759	5.484541556	40.57485537	1.89E-10	1.50E-08	AT2G27050
-1.689685542	1.287290872	40.53036464	1.94E-10	1.53E-08	AT5G66700
-0.945603832	3.284101007	40.28629983	2.19E-10	1.73E-08	AT2G41130
-0.933947574	3.258136396	40.15754841	2.34E-10	1.84E-08	AT3G15300
-1.159685014	2.829700969	39.89934882	2.67E-10	2.09E-08	AT5G19040
0.690705087	6.330805748	39.7877442	2.83E-10	2.20E-08	AT2G39130
-0.925603786	5.875104355	39.71033479	2.95E-10	2.28E-08	AT5G57685
-1.076124693	3.175735182	39.6787185	2.99E-10	2.31E-08	AT5G54020
0.844621771	5.963525855	39.60794855	3.10E-10	2.38E-08	AT3G18400
1.829763098	1.01388282	39.49995465	3.28E-10	2.51E-08	AT5G07450
-1.373180544	2.65796228	39.30576889	3.62E-10	2.75E-08	AT1G23060
0.700723792	7.047745495	39.30338982	3.63E-10	2.75E-08	AT1G04250
1.282892024	2.144088709	39.18202193	3.86E-10	2.92E-08	AT5G38970
0.915406023	5.151763067	39.10383066	4.02E-10	3.02E-08	AT4G22666
-0.912785764	5.747277155	38.98358579	4.27E-10	3.20E-08	AT4G21680
-2.358309406	0.355240775	38.93638274	4.38E-10	3.27E-08	AT1G11920
0.717928687	5.868564644	38.92182994	4.41E-10	3.28E-08	AT4G26200
0.783176442	3.999208816	38.77600582	4.75E-10	3.52E-08	AT1G16130
-0.858943452	4.514980598	38.74395239	4.83E-10	3.57E-08	AT5G17490
1.005116811	6.405633908	38.72655355	4.88E-10	3.58E-08	AT2G01890
1.756919891	2.627626022	38.494497	5.49E-10	4.02E-08	AT1G53060
1.293143982	3.999576504	38.48017063	5.53E-10	4.04E-08	AT5G67520
0.68576498	6.613921083	38.44826395	5.62E-10	4.09E-08	AT3G04670
0.834603021	4.88160513	38.35636782	5.89E-10	4.27E-08	AT2G40130
2.203765529	1.334647687	38.1944948	6.40E-10	4.62E-08	AT1G63600
0.710798229	5.111165595	38.13045542	6.62E-10	4.76E-08	AT4G32350
-0.822626424	3.860735836	38.01502556	7.02E-10	5.03E-08	AT5G18690
0.82858616	5.997350547	37.78425944	7.90E-10	5.64E-08	AT2G24580
1.259707927	3.282575236	37.76138077	7.99E-10	5.68E-08	AT3G55090
0.728055261	5.863423695	37.66069443	8.42E-10	5.96E-08	AT4G36640
1.026107495	5.651729967	37.37306938	9.76E-10	6.88E-08	AT2G44230
0.805689779	4.924426844	37.31558049	1.00E-09	7.06E-08	AT2G31180
0.782491845	6.31213157	37.27416507	1.03E-09	7.19E-08	AT3G22800
1.475534148	2.892698905	37.04150815	1.16E-09	8.07E-08	AT3G14395
-0.719098651	5.522418378	37.03480451	1.16E-09	8.07E-08	AT2G47440
1.525452935	1.319988914	36.79161131	1.31E-09	9.11E-08	AT1G15580
0.787437384	4.255519979	36.74082232	1.35E-09	9.31E-08	AT1G75440
0.826398652	5.880343037	36.65958168	1.41E-09	9.67E-08	AT1G55610
0.991275114	6.984526642	36.63117693	1.43E-09	9.78E-08	AT2G38760
0.868893522	3.999524097	36.50495149	1.52E-09	1.04E-07	AT3G63440
1.238545522	1.945929693	36.47427287	1.55E-09	1.05E-07	AT1G72890
1.340985871	7.155742383	36.37887599	1.62E-09	1.10E-07	AT3G45710
-0.674115026	5.843443999	36.2302645	1.75E-09	1.18E-07	AT1G70940
0.84755856	5.972259537	36.20000452	1.78E-09	1.20E-07	AT1G18390
0.74446214	7.658977279	36.15778654	1.82E-09	1.22E-07	AT2G30930
-1.311668971	4.068858761	35.84087427	2.14E-09	1.43E-07	AT5G19890
0.864872754	3.361287904	35.81881883	2.17E-09	1.44E-07	AT4G13510
0.71607036	5.781851569	35.80340061	2.18E-09	1.45E-07	AT2G25180
1.569572105	1.958000103	35.77219067	2.22E-09	1.47E-07	AT5G03310
0.868403598	5.68096362	35.31133716	2.81E-09	1.85E-07	AT5G57150
-0.991449568	3.611877577	35.13115011	3.08E-09	2.02E-07	AT3G30180
0.896638429	5.291355362	34.89505594	3.48E-09	2.28E-07	AT4G25620
1.032825436	3.771696046	34.31429828	4.69E-09	3.06E-07	AT2G23290
-1.230369949	3.250088236	34.28394974	4.76E-09	3.09E-07	AT5G47220
-1.7467855	2.362798233	34.28214704	4.77E-09	3.09E-07	AT3G03660
0.659660926	5.140082419	34.20247851	4.97E-09	3.21E-07	AT4G19420
0.77549979	3.981417702	34.05951204	5.35E-09	3.44E-07	AT3G01970
0.855623989	3.123424061	34.02045779	5.45E-09	3.50E-07	AT3G61630
-0.969619601	3.957036618	33.99624945	5.52E-09	3.53E-07	AT2G28660
0.761695254	6.276493806	33.8558815	5.93E-09	3.78E-07	AT2G24570
0.742667455	4.655667649	33.83962683	5.98E-09	3.80E-07	AT1G08590
-0.931308927	3.5765802	33.82296898	6.04E-09	3.82E-07	AT4G00460
-0.659858299	6.139119701	33.78319194	6.16E-09	3.89E-07	AT5G45490
0.730010406	7.253417055	33.70128241	6.43E-09	4.04E-07	AT2G47800
0.714551035	4.01384918	33.69556579	6.44E-09	4.04E-07	AT3G21700
1.669637542	1.57200577	33.6558979	6.58E-09	4.11E-07	AT4G15670
0.742260807	5.683768914	33.63506833	6.65E-09	4.14E-07	AT3G29240
0.682331601	4.436576925	33.62693235	6.68E-09	4.14E-07	AT5G59020
-1.020012548	4.586854026	33.35548853	7.68E-09	4.75E-07	AT5G54040
-0.984759089	3.895043827	33.27719509	7.99E-09	4.93E-07	AT1G43910
0.862140287	3.155681706	33.26754577	8.03E-09	4.94E-07	AT1G66400
1.432668508	2.559721135	33.06453943	8.91E-09	5.46E-07	AT4G34760
0.695957821	4.123141291	32.90335806	9.69E-09	5.92E-07	AT1G79410
1.013265901	4.582592269	32.77670266	1.03E-08	6.29E-07	AT1G04360
-1.10136957	4.94663687	32.70209609	1.07E-08	6.52E-07	AT5G55090
0.781447128	4.709107859	32.69475994	1.08E-08	6.52E-07	AT1G35612
1.315208385	2.577676166	32.61637985	1.12E-08	6.77E-07	AT5G51795
0.839034106	5.357489133	32.61013992	1.13E-08	6.77E-07	AT1G23330
0.717277959	3.823688916	32.49069432	1.20E-08	7.18E-07	AT2G18620
-0.732199764	4.853762737	32.47549777	1.21E-08	7.21E-07	AT4G08770
0.681287171	5.842760765	32.46121494	1.22E-08	7.24E-07	AT1G68670
1.526076513	1.677390433	32.4506	1.22E-08	7.26E-07	AT4G14103
0.621477366	5.961113809	32.42383382	1.24E-08	7.34E-07	AT5G27450
-0.937464646	2.883595796	32.36469545	1.28E-08	7.54E-07	AT5G43040
0.748251428	3.811461266	32.35870288	1.28E-08	7.54E-07	AT3G10930
0.825339824	4.339942754	32.33647118	1.30E-08	7.60E-07	AT1G75140
0.636316883	5.763540314	32.29573366	1.32E-08	7.74E-07	AT2G46890
-0.849606176	5.327027709	32.20607604	1.39E-08	8.08E-07	AT4G19700
-1.000278205	2.396372142	32.05656952	1.50E-08	8.70E-07	AT1G29660
-1.552618288	3.345581096	31.99517181	1.55E-08	8.95E-07	AT1G64160
1.78963288	1.408581923	31.97480902	1.56E-08	9.02E-07	AT1G67270
-0.699140984	4.857262226	31.93149195	1.60E-08	9.20E-07	AT2G40820
0.910560227	5.275825855	31.88642454	1.63E-08	9.38E-07	AT3G29575
1.496095142	5.115125585	31.87694779	1.64E-08	9.40E-07	AT2G25150
0.819676048	4.355328664	31.8274129	1.68E-08	9.62E-07	AT3G53350
1.022077042	4.525863163	31.76232231	1.74E-08	9.91E-07	AT3G50660
1.319898191	2.247960528	31.61068875	1.88E-08	1.07E-06	AT3G03450
0.979827506	2.531412501	31.58659775	1.91E-08	1.08E-06	AT5G15190
-0.90509088	4.863456073	31.52212199	1.97E-08	1.11E-06	AT1G64660
-0.857239195	3.308435079	31.49853204	2.00E-08	1.12E-06	AT3G14370
-1.041096086	3.194431401	31.45176792	2.04E-08	1.15E-06	AT4G30410
1.107137099	3.544676265	31.43181155	2.07E-08	1.15E-06	AT4G01026
-0.888299986	3.338671519	31.4198481	2.08E-08	1.16E-06	AT3G48460
1.058505189	3.22897173	31.24725309	2.27E-08	1.26E-06	AT3G14440
0.754814205	8.850621603	31.18894764	2.34E-08	1.30E-06	AT1G11670
-1.013499925	2.31440352	31.0452454	2.52E-08	1.39E-06	AT1G09540
-1.798188009	0.645543557	30.9320279	2.67E-08	1.47E-06	AT1G06330
-0.704551237	4.380358869	30.92924003	2.68E-08	1.47E-06	AT4G12050
0.777642955	6.386061536	30.85015035	2.79E-08	1.53E-06	AT1G52140
-0.68730302	6.165057568	30.83057449	2.82E-08	1.54E-06	AT3G24670
1.045722583	2.664606859	30.74585843	2.94E-08	1.60E-06	AT5G19190
0.673804297	5.093752036	30.73251848	2.96E-08	1.61E-06	AT2G47260
1.048728495	2.180830823	30.68953951	3.03E-08	1.64E-06	AT1G73360
0.628450297	4.963252893	30.59971415	3.17E-08	1.71E-06	AT1G78600
-1.124247342	1.846837152	30.52571782	3.29E-08	1.77E-06	AT2G39370
-0.719190514	6.473517112	30.5028199	3.33E-08	1.79E-06	AT3G63200
0.842143374	2.914938051	30.45695635	3.41E-08	1.83E-06	AT2G34060
-0.654808412	6.173241003	30.45051574	3.42E-08	1.83E-06	AT4G02940
0.70901521	4.916441382	30.4381622	3.45E-08	1.84E-06	AT5G62620
1.048436688	4.749408656	30.32122473	3.66E-08	1.94E-06	AT3G21670
0.586679742	6.109235935	30.16328095	3.97E-08	2.10E-06	AT2G25930
-0.780534159	6.140787286	30.11701415	4.07E-08	2.15E-06	AT4G03210
1.49365443	1.133056941	30.04628438	4.22E-08	2.22E-06	AT2G02000
1.767424316	3.338939744	29.88878836	4.58E-08	2.40E-06	AT5G39080
0.653594522	6.976994002	29.79302935	4.81E-08	2.52E-06	AT3G21070
1.223808099	2.943694939	29.76182615	4.89E-08	2.55E-06	AT3G60390
1.47488535	2.453265445	29.37025693	5.98E-08	3.11E-06	AT4G18210
1.025872427	7.544397721	29.3628072	6.00E-08	3.12E-06	AT3G10960
1.971385679	1.346969874	29.3173264	6.14E-08	3.18E-06	AT4G38140
0.878068885	2.781423756	29.31205186	6.16E-08	3.18E-06	AT2G43500
-0.839871446	4.301057895	29.25144478	6.36E-08	3.28E-06	AT3G50650
0.737488942	3.675784477	29.17847538	6.60E-08	3.39E-06	AT2G29480
-0.970386304	3.316212387	29.15418987	6.68E-08	3.43E-06	AT2G43870
1.880985789	1.175623475	29.02966367	7.13E-08	3.64E-06	AT1G70860
0.656938962	4.436326383	29.00716525	7.21E-08	3.68E-06	AT4G00490
0.879255482	4.297044362	28.92282157	7.53E-08	3.83E-06	AT5G20270
0.832031323	6.574829671	28.84733322	7.83E-08	3.97E-06	AT1G14960
0.8011873	7.956750407	28.65695668	8.64E-08	4.37E-06	AT1G31770
-0.58938391	6.095413977	28.48036688	9.47E-08	4.77E-06	AT4G18670
1.02404465	6.75990024	28.37950375	9.97E-08	5.02E-06	AT4G29905
-0.683357084	5.354659276	28.35756997	1.01E-07	5.06E-06	AT5G61420
-1.140312027	3.454499147	28.33400531	1.02E-07	5.11E-06	AT2G43890
0.86175135	2.798383886	28.33003726	1.02E-07	5.11E-06	AT3G50840
0.74632849	6.421415321	28.30081744	1.04E-07	5.17E-06	AT2G03090
1.120626251	2.451611584	28.27843818	1.05E-07	5.22E-06	AT1G75620
1.100333677	1.859363236	28.26483119	1.06E-07	5.24E-06	AT4G15417
-1.125856572	2.271238441	28.1155419	1.14E-07	5.65E-06	AT5G51920
1.112185128	2.407957735	27.99612871	1.22E-07	5.99E-06	AT1G68290
0.969070434	8.281314536	27.98635015	1.22E-07	6.00E-06	AT2G38750
-0.955056587	2.229903346	27.86152458	1.30E-07	6.39E-06	AT3G20640
-1.917684583	0.705041452	27.75863978	1.37E-07	6.72E-06	AT2G42440
-0.659683316	7.320682158	27.74014972	1.39E-07	6.77E-06	AT3G47340
-0.821384507	3.906271404	27.68575256	1.43E-07	6.94E-06	AT5G49850
-0.633558395	4.289178451	27.67518438	1.43E-07	6.96E-06	AT3G52290
-0.854770743	3.638896125	27.61607726	1.48E-07	7.16E-06	AT5G22890
1.24038976	2.054554878	27.43994293	1.62E-07	7.82E-06	AT3G62930
0.711273945	8.074008745	27.32702341	1.72E-07	8.27E-06	AT4G08850
-0.900733246	5.240601036	27.23857031	1.80E-07	8.64E-06	AT5G05790
-0.753144837	4.469499019	27.22836883	1.81E-07	8.66E-06	AT5G11920
-0.970715314	3.605053601	27.21226791	1.82E-07	8.71E-06	AT2G38640
0.863702608	4.168323994	27.16612691	1.87E-07	8.90E-06	AT5G05860
1.317277193	2.713788159	27.11628054	1.92E-07	9.09E-06	AT1G14630
1.281591911	2.166092103	27.11522284	1.92E-07	9.09E-06	AT5G38450
1.241742671	5.526185448	27.03710986	2.00E-07	9.44E-06	AT1G58340
0.637052012	7.798699576	27.01818292	2.02E-07	9.51E-06	AT5G60890
0.595184292	5.724514622	26.98758588	2.05E-07	9.64E-06	AT2G41380
0.876355819	8.46418825	26.96964422	2.07E-07	9.71E-06	AT1G62975
-0.659143845	4.090484492	26.96501726	2.07E-07	9.71E-06	AT5G12170
0.927895175	2.44861896	26.8681411	2.18E-07	1.02E-05	AT5G51580
-0.878801372	3.521053292	26.69108814	2.39E-07	1.11E-05	AT5G14000
-0.639222331	4.585311783	26.58412755	2.52E-07	1.17E-05	AT1G07640
1.59442272	0.855304975	26.53504788	2.59E-07	1.20E-05	AT2G19050
-0.596996556	6.087574099	26.42407358	2.74E-07	1.27E-05	AT3G12920
-0.61743425	5.023262335	26.34679336	2.85E-07	1.32E-05	AT3G07010
1.073424392	3.752758278	26.31936842	2.89E-07	1.33E-05	AT3G50640
-0.848193886	3.696837989	26.30747058	2.91E-07	1.33E-05	AT2G22122
-0.748703908	6.159566633	26.21296193	3.06E-07	1.40E-05	AT5G48560
-0.745667622	4.823187037	26.15908194	3.14E-07	1.43E-05	AT1G62440
-1.610098508	0.724815785	26.04352071	3.34E-07	1.52E-05	AT5G52710
1.087568733	2.819991722	26.02919204	3.36E-07	1.53E-05	AT4G36870
-0.913757504	2.75182956	26.02537606	3.37E-07	1.53E-05	AT5G60800
-1.503242977	0.816565274	26.01108428	3.39E-07	1.53E-05	AT1G44090
1.201089494	1.606336812	25.99594877	3.42E-07	1.54E-05	AT5G25020
0.857967276	2.873744028	25.99166633	3.43E-07	1.54E-05	AT3G01990
-0.807400103	3.620666608	25.96080642	3.48E-07	1.56E-05	AT3G11370
-1.039343218	3.998440053	25.93402876	3.53E-07	1.58E-05	AT3G19200
1.096899226	4.441545558	25.91236262	3.57E-07	1.59E-05	AT5G27420
1.029288808	3.137542028	25.84848583	3.69E-07	1.64E-05	AT4G40010
-0.756911165	4.737103146	25.82163133	3.74E-07	1.66E-05	AT1G61660
0.838990437	2.522441901	25.79454028	3.80E-07	1.68E-05	AT3G57130
1.375475996	1.036498786	25.73149905	3.92E-07	1.73E-05	AT1G64625
0.787600895	9.088592313	25.71615451	3.96E-07	1.74E-05	AT3G13790
0.694533913	4.355915492	25.70661998	3.97E-07	1.75E-05	AT3G20860
0.748167411	4.771139452	25.69589903	4.00E-07	1.75E-05	AT4G14740
0.606770825	4.814881696	25.65475538	4.08E-07	1.79E-05	AT1G20640
-0.637376503	4.653565112	25.63145286	4.13E-07	1.80E-05	AT4G25260
0.898657322	2.839323405	25.59518048	4.21E-07	1.83E-05	AT5G23940
0.593766339	4.471338572	25.55402923	4.30E-07	1.86E-05	AT3G22550
1.256480187	1.482736085	25.49050104	4.45E-07	1.92E-05	AT1G54120
2.165696041	-0.177921607	25.46336588	4.51E-07	1.94E-05	AT4G35660
-0.769858876	5.426408094	25.4612828	4.51E-07	1.94E-05	AT3G63180
1.399555846	1.013645306	25.18483706	5.21E-07	2.24E-05	AT2G31540
0.705649213	4.81422419	25.16517913	5.26E-07	2.26E-05	AT5G01340
-0.797800695	3.742928904	25.13804023	5.34E-07	2.28E-05	AT3G50010
1.313601327	1.03679659	25.08988845	5.47E-07	2.33E-05	AT1G30280
-1.651692685	2.646359295	25.03264266	5.64E-07	2.39E-05	AT3G26610
-0.935578136	3.98852839	25.03253124	5.64E-07	2.39E-05	AT5G15150
0.769413903	3.334547724	24.87152842	6.13E-07	2.59E-05	AT3G62590
-1.065856522	2.870697284	24.86893998	6.14E-07	2.59E-05	AT3G04530
0.876570658	3.309445104	24.84839874	6.20E-07	2.61E-05	AT2G04110
-0.798981239	5.910572074	24.84712363	6.21E-07	2.61E-05	AT1G54660
0.696587084	4.601411681	24.780384	6.42E-07	2.69E-05	AT1G76952
-0.708797917	3.303640647	24.74457793	6.55E-07	2.74E-05	AT5G10930
-1.185711042	2.946347603	24.63192367	6.94E-07	2.90E-05	AT1G44050
-1.208293272	2.431277524	24.62599713	6.96E-07	2.90E-05	AT2G42430
1.294666369	1.04290589	24.61452901	7.00E-07	2.91E-05	AT1G58320
0.932453041	5.141212135	24.47817707	7.52E-07	3.12E-05	AT3G25770
0.830959554	4.630156055	24.45359149	7.61E-07	3.15E-05	AT1G65730
-1.690864969	0.426637733	24.40098363	7.82E-07	3.23E-05	AT1G44030
-1.03413718	4.136598774	24.37563626	7.93E-07	3.27E-05	AT5G63650
2.295179081	-0.347920339	24.34922624	8.04E-07	3.30E-05	AT5G23270
-0.683899522	4.031641828	24.29215959	8.28E-07	3.40E-05	AT2G27060
-0.759963617	4.776161985	24.26956802	8.38E-07	3.43E-05	AT5G18470
-1.300558014	1.457303033	24.21514313	8.62E-07	3.52E-05	AT3G20590
-0.677759458	3.695482986	24.12766892	9.02E-07	3.67E-05	AT2G47270
0.625642276	5.191602404	24.0608063	9.33E-07	3.80E-05	AT2G31280
-0.779516408	3.369407374	24.04924566	9.39E-07	3.81E-05	AT2G48080
0.602303857	5.069101212	23.97749914	9.75E-07	3.95E-05	AT1G52540
-0.941148862	4.054403346	23.86128203	1.04E-06	4.18E-05	AT2G43820
-0.659029998	5.145112418	23.83401342	1.05E-06	4.24E-05	AT2G46680
0.936490584	2.206739083	23.74021518	1.10E-06	4.44E-05	AT3G45080
-0.744508119	3.619992072	23.67716068	1.14E-06	4.58E-05	AT3G26830
1.006366168	6.223738366	23.63945179	1.16E-06	4.65E-05	AT4G37400
-0.762293861	3.821989105	23.6389806	1.16E-06	4.65E-05	AT5G24100
1.137532509	1.707533149	23.58893227	1.19E-06	4.76E-05	AT3G15250
0.608829283	4.702101515	23.42766549	1.30E-06	5.14E-05	AT4G35510
0.772784076	7.628625405	23.34832827	1.35E-06	5.35E-05	AT5G16010
-0.784948994	4.058406594	23.30040793	1.39E-06	5.46E-05	AT5G53880
0.915644828	2.996897086	23.26899634	1.41E-06	5.54E-05	AT1G77855
0.708096704	4.373580988	23.26530125	1.41E-06	5.54E-05	AT5G39760
0.875036095	6.11720746	23.25786265	1.42E-06	5.55E-05	AT4G27970
-1.02161112	2.18576788	23.14396942	1.50E-06	5.86E-05	AT4G20730
0.638870466	5.014268363	22.98451538	1.63E-06	6.35E-05	AT1G28130
0.609349019	6.53022644	22.96551272	1.65E-06	6.40E-05	AT4G22820
0.804725794	2.989129622	22.93908393	1.67E-06	6.47E-05	AT4G28180
0.763355268	4.075786763	22.91372361	1.69E-06	6.54E-05	AT4G35720
1.159469932	4.184501642	22.87908609	1.73E-06	6.64E-05	AT3G10040
0.605757798	4.683066024	22.8725412	1.73E-06	6.65E-05	AT1G34040
-2.018676896	1.033456451	22.85102594	1.75E-06	6.71E-05	AT3G22540
-1.404270602	0.761217026	22.82106005	1.78E-06	6.80E-05	AT2G02620
1.049314754	9.336125476	22.75241637	1.84E-06	7.02E-05	AT5G47990
1.154048348	3.075664726	22.75216777	1.84E-06	7.02E-05	AT4G08040
1.392645477	0.690709569	22.74836064	1.85E-06	7.02E-05	AT3G02493
1.32124889	2.422549121	22.61955844	1.97E-06	7.48E-05	AT5G52330
0.770770372	5.84995787	22.61540183	1.98E-06	7.48E-05	AT2G34350
-1.227633683	1.016117497	22.58744533	2.01E-06	7.57E-05	AT5G54030
-1.017950143	5.881971989	22.57514739	2.02E-06	7.60E-05	AT2G40970
-0.675262854	3.534897515	22.55561437	2.04E-06	7.67E-05	AT1G31350
-0.699408652	3.961856413	22.54747763	2.05E-06	7.67E-05	AT5G19875
0.662182657	6.330665091	22.54683309	2.05E-06	7.67E-05	AT1G06040
0.594711068	7.666499359	22.54120629	2.06E-06	7.68E-05	AT4G29700
0.87266218	3.106472775	22.48217038	2.12E-06	7.90E-05	AT1G49200
-0.585585429	5.127692824	22.44563299	2.16E-06	8.04E-05	AT2G24260
-0.786361253	3.709663238	22.42504508	2.19E-06	8.11E-05	AT1G18860
1.601007805	0.638134821	22.40958202	2.20E-06	8.16E-05	AT3G49130
-0.88392125	2.847683877	22.35552351	2.27E-06	8.38E-05	AT3G06990
1.569902428	0.446052974	22.26537858	2.37E-06	8.76E-05	AT3G60700
-0.614201403	5.769964593	22.17392495	2.49E-06	9.17E-05	AT1G70710
-0.734865364	6.305572163	22.16674321	2.50E-06	9.19E-05	AT1G69850
0.650396031	3.923290306	22.10522253	2.58E-06	9.47E-05	AT1G67850
-0.624710696	3.467019049	22.09876748	2.59E-06	9.48E-05	AT2G21180
0.835027202	3.437897394	22.09557174	2.59E-06	9.48E-05	AT4G15215
0.623664284	4.375088352	21.96463597	2.78E-06	0.000101127	AT3G14560
-0.733087461	4.713245374	21.93788193	2.82E-06	0.000102352	AT1G23040
1.485028333	0.435838742	21.92952678	2.83E-06	0.000102409	AT1G64940
-0.682155318	3.755324724	21.88983946	2.89E-06	0.000104352	AT3G07000
-0.93775337	3.241241329	21.87075179	2.92E-06	0.000105196	AT1G04610
-0.643919962	4.603497897	21.85502567	2.94E-06	0.000105862	AT2G29460
-0.757905497	3.135757651	21.84279157	2.96E-06	0.000106339	AT3G13810
0.906456844	3.434637451	21.81963816	3.00E-06	0.000107428	AT1G10550
-0.934250791	4.937050473	21.75181234	3.10E-06	0.000111085	AT5G50450
1.152512197	4.594615448	21.74105756	3.12E-06	0.000111501	AT2G37460
-0.651246528	3.141779291	21.69244783	3.20E-06	0.000114149	AT1G79180
1.474794814	1.692981411	21.64447756	3.28E-06	0.000116821	AT1G23160
1.073211612	2.319634886	21.56888541	3.41E-06	0.000121292	AT4G28530
1.045436683	1.670646907	21.54637084	3.45E-06	0.000122496	AT3G61880
-0.739011146	3.036940951	21.53870488	3.47E-06	0.000122759	AT5G45200
0.801932224	6.092175308	21.52685477	3.49E-06	0.000123292	AT5G55050
-0.890597534	6.246516533	21.51068819	3.52E-06	0.000124106	AT3G02910
-1.002571487	3.407254923	21.43745231	3.66E-06	0.0001287	AT5G63660
-1.21577598	2.118111374	21.37352604	3.78E-06	0.000132819	AT4G13300
0.743111196	8.067599778	21.22603727	4.08E-06	0.000143178	AT1G30700
0.84544731	6.068724972	21.19154439	4.16E-06	0.000145511	AT2G26690
-1.334341309	1.744082303	21.16577116	4.21E-06	0.000147212	AT3G27500
-0.606494576	5.083430442	21.16108999	4.22E-06	0.000147302	AT3G59940
-0.771855668	3.316675162	21.15706515	4.23E-06	0.000147343	AT1G70560
-0.643286175	6.84020714	21.0813344	4.40E-06	0.000152356	AT5G02480
-0.640868119	6.042413852	21.07903899	4.41E-06	0.000152356	AT3G10720
-0.849548817	3.829401172	21.00922477	4.57E-06	0.000157725	AT1G54890
0.893265203	6.720636261	20.86239884	4.93E-06	0.000169982	AT1G21110
0.636571864	7.934016835	20.83844	5.00E-06	0.000171812	AT4G35750
-1.095447027	1.366878796	20.81762835	5.05E-06	0.000173377	AT2G45480
-0.619506168	3.74774762	20.77951109	5.15E-06	0.000176546	AT1G75640
-1.137787346	2.627429018	20.74431456	5.25E-06	0.000179499	AT2G39400
0.667869381	4.070979569	20.73847293	5.26E-06	0.000179726	AT5G04220
-0.829658376	3.660139955	20.71826251	5.32E-06	0.000181309	AT1G55110
-0.78525309	2.584343321	20.70652561	5.35E-06	0.000182099	AT4G33160
-0.595547008	4.492737514	20.65605783	5.50E-06	0.00018663	AT5G17760
0.678611868	4.445248943	20.6181362	5.61E-06	0.00018969	AT5G11420
-0.985481355	4.376020862	20.6038462	5.65E-06	0.000190773	AT1G13670
0.963638889	1.705284779	20.55110638	5.81E-06	0.000195756	AT3G18777
-1.217229023	0.936775355	20.53256202	5.86E-06	0.000197314	AT5G50175
1.231946297	1.857265851	20.50977041	5.93E-06	0.000199326	AT3G29635
-0.721825424	6.26775418	20.49143763	5.99E-06	0.000200892	AT3G63010
-1.094512694	5.182806584	20.46544118	6.07E-06	0.000203282	AT3G60530
0.63901742	4.890323724	20.46063856	6.09E-06	0.000203437	AT5G63380
-1.042090574	1.654475011	20.36600386	6.40E-06	0.000213005	AT3G24450
0.606466696	6.755988244	20.34975289	6.45E-06	0.000214448	AT3G13610
-0.609892992	3.992034193	20.33799852	6.49E-06	0.000215021	AT5G44160
0.697865099	4.777438389	20.32522933	6.53E-06	0.000216086	AT3G55840
0.666907988	3.349662646	20.30173775	6.61E-06	0.000218378	AT1G76250
-0.643437936	4.185208004	20.29218827	6.65E-06	0.000219092	AT3G05920
0.775065746	2.634582065	20.27192815	6.72E-06	0.000221043	AT5G11590
0.590341736	6.853127752	20.23706411	6.84E-06	0.000224722	AT4G20320
-1.481254855	1.741629907	20.23338214	6.85E-06	0.000224768	AT4G18650
-0.64431264	5.898272465	20.22128048	6.90E-06	0.000225694	AT4G30350
-0.7044118	3.889817623	20.21759159	6.91E-06	0.000225694	AT3G26240
0.655495943	3.61984488	20.21570317	6.92E-06	0.000225694	AT1G31814
-0.875199861	3.584857628	20.13270598	7.23E-06	0.0002349	AT1G71970
-0.857405827	3.73802848	20.12712402	7.25E-06	0.000235187	AT1G31050
0.610676887	4.11720364	20.10703566	7.32E-06	0.000236866	AT2G37980
-1.241068192	1.469624862	19.99786099	7.75E-06	0.000249936	AT1G60130
0.593756825	3.799602026	19.8436354	8.40E-06	0.000270477	AT2G31730
-1.194605078	4.087742874	19.80625783	8.57E-06	0.000274633	AT3G23550
-0.603183162	6.977885818	19.80485598	8.58E-06	0.000274633	AT2G44670
-0.889125418	2.909812614	19.79718853	8.61E-06	0.000275276	AT3G12830
-0.741925079	2.66735737	19.77864365	8.69E-06	0.000277496	AT3G05390
-0.907415297	2.317144514	19.75746841	8.79E-06	0.000279408	AT1G55430
0.80488423	3.718840872	19.57090052	9.69E-06	0.000307313	AT4G10500
-0.979924479	6.128612635	19.5373476	9.87E-06	0.000311209	AT2G25790
0.867860344	1.935413736	19.534013	9.88E-06	0.00031124	AT3G15358
-0.849928527	2.790701723	19.52439164	9.93E-06	0.000312297	AT3G60490
1.127210333	2.901760782	19.47866346	1.02E-05	0.000319338	AT4G20000
-0.589616142	4.71601579	19.42875232	1.04E-05	0.000327255	AT2G02630
-0.683263781	6.053924099	19.38480926	1.07E-05	0.000334324	AT1G32700
-0.782604249	2.914236055	19.34435524	1.09E-05	0.000340924	AT4G31470
-0.612991016	3.86928586	19.33800971	1.10E-05	0.000341501	AT3G07540
-0.778656472	3.609518738	19.31065975	1.11E-05	0.000345863	AT3G62690
1.351081622	0.690340951	19.29565905	1.12E-05	0.000348025	AT1G10220
-0.594223399	5.14011085	19.24726376	1.15E-05	0.00035638	AT2G36950
-0.770828973	2.843377767	19.17452932	1.19E-05	0.000367889	AT1G10070
-0.655914647	3.128868632	19.17352892	1.19E-05	0.000367889	AT1G13590
0.809275767	2.336786995	19.17115628	1.20E-05	0.000367889	AT2G37580
-1.129835008	1.640691495	19.16163998	1.20E-05	0.000369133	AT1G52700
0.674108216	4.204089834	19.15807252	1.20E-05	0.00036923	AT5G01840
0.823131218	8.139536021	19.13117591	1.22E-05	0.000372906	AT3G29250
0.918247256	1.955419794	19.13080299	1.22E-05	0.000372906	AT5G64110
0.743738253	9.360619136	19.12999265	1.22E-05	0.000372906	AT1G78850
0.888336658	3.067104335	19.07031266	1.26E-05	0.000384138	AT3G03470
1.086803108	1.125350079	19.02481476	1.29E-05	0.000392155	AT1G78440
0.879420694	2.976366245	18.99497437	1.31E-05	0.000397704	AT4G34810
-1.233411298	1.319093864	18.98077662	1.32E-05	0.000400039	AT3G27473
-0.85991167	5.360885012	18.93224352	1.35E-05	0.000409049	AT2G35270
1.170585349	4.01083281	18.91528856	1.37E-05	0.000411401	AT2G17660
-1.085375471	2.315560038	18.87363948	1.40E-05	0.000419821	AT4G01770
-0.630461576	3.662508818	18.84863567	1.42E-05	0.000424692	AT2G32390
-0.752421998	4.446202473	18.8399157	1.42E-05	0.00042597	AT3G63110
-0.630307975	5.606933382	18.81097608	1.44E-05	0.00043113	AT1G08430
-0.861504636	2.7923291	18.79299301	1.46E-05	0.000434536	AT1G48330
-0.680065385	5.522733282	18.77015223	1.47E-05	0.000439086	AT3G14280
0.985585534	3.681668671	18.74391296	1.49E-05	0.000443883	AT1G21670
0.605613445	3.170947443	18.74349866	1.50E-05	0.000443883	AT1G18330
1.212767171	0.940367713	18.72772718	1.51E-05	0.00044626	AT2G29410
0.726986582	2.714376654	18.72740239	1.51E-05	0.00044626	AT1G08310
0.62179375	4.710709371	18.71419838	1.52E-05	0.000448666	AT1G65690
-0.80112959	3.781571622	18.66254539	1.56E-05	0.000459566	AT2G44340
0.802543807	2.514827423	18.60620908	1.61E-05	0.000471894	AT5G40860
-0.596113863	4.1674135	18.58845387	1.62E-05	0.000475579	AT1G50420
-0.807059448	2.081630427	18.50186992	1.70E-05	0.000495401	AT5G44210
-1.235558281	3.721973727	18.49719168	1.70E-05	0.000495861	AT2G28160
-0.949364842	1.939145878	18.45298725	1.74E-05	0.000506725	AT4G28790
-0.709462107	3.258484745	18.42653084	1.77E-05	0.000512249	AT5G39050
-0.68144248	3.020375678	18.42283204	1.77E-05	0.000512467	AT1G50580
0.749972067	3.161414291	18.40471827	1.79E-05	0.000515798	AT2G43200
-0.753511316	5.858541712	18.38007431	1.81E-05	0.000521725	AT5G09440
-0.667172972	4.598800384	18.36541832	1.82E-05	0.000523102	AT3G18170
-0.816988604	3.681384894	18.36198061	1.83E-05	0.000523102	AT5G53830
-0.62602467	4.191441866	18.36073799	1.83E-05	0.000523102	AT3G25640
1.315981806	0.524793747	18.33627619	1.85E-05	0.000529069	AT1G63580
-0.75640822	2.615605015	18.13907113	2.05E-05	0.000585906	AT1G06180
0.649898675	4.107944932	18.12836609	2.07E-05	0.000588331	AT1G56020
0.938767628	4.156148289	18.08837214	2.11E-05	0.000598145	AT1G21130
0.617445737	6.001799051	18.08394552	2.11E-05	0.000598649	AT4G23420
-0.724366584	2.981109022	18.0336287	2.17E-05	0.000613772	AT5G46590
1.24466708	0.641408439	17.99124596	2.22E-05	0.000626663	AT1G07050
0.674105334	2.650877783	17.93040432	2.29E-05	0.000645111	AT1G12730
0.654918106	3.011169797	17.77353179	2.49E-05	0.000697464	AT2G17525
-1.45897028	0.439294777	17.68358072	2.61E-05	0.000729098	AT3G11402
0.686407998	2.79496538	17.6470138	2.66E-05	0.000742165	AT4G35900
-1.065984927	1.753146041	17.61160951	2.71E-05	0.000753757	AT5G05900
0.80374636	2.149615647	17.60922673	2.71E-05	0.000753757	AT5G05090
0.610495823	3.78321478	17.58357999	2.75E-05	0.000762883	AT3G12977
-1.287836821	0.593120614	17.58049084	2.75E-05	0.000763015	AT4G14380
0.775798659	4.712184528	17.55033724	2.80E-05	0.00077409	AT2G02990
0.78828203	2.347506518	17.50208626	2.87E-05	0.000792838	AT5G62380
1.209435464	1.399083516	17.48332508	2.90E-05	0.000799545	AT4G16008
0.634670869	5.519405054	17.48006135	2.90E-05	0.000799765	AT2G40460
0.602869858	3.960324075	17.45749886	2.94E-05	0.000808149	AT3G13480
-1.218679001	1.731524312	17.40141636	3.03E-05	0.000831151	AT1G44020
1.144497562	2.555035349	17.35483182	3.10E-05	0.000850552	AT3G56080
0.681470822	5.33760879	17.33886513	3.13E-05	0.0008565	AT2G28250
1.176651759	4.050837216	17.31055261	3.17E-05	0.000868112	AT5G02090
0.713632363	3.166641318	17.2922282	3.20E-05	0.000875272	AT3G22060
-0.719404275	2.834905116	17.27867602	3.23E-05	0.000879025	AT2G42140
0.747104051	8.927801886	17.23196253	3.31E-05	0.000898345	AT5G48000
-0.870108586	2.321984328	17.16155041	3.43E-05	0.000930215	AT1G64670
0.840630123	4.64175318	17.15513987	3.44E-05	0.00093145	AT2G21560
-0.692522151	2.941590085	17.15229391	3.45E-05	0.000931529	AT5G61550
0.733643178	2.29230267	17.13324998	3.48E-05	0.000939492	AT4G32295
-0.622738057	5.308689616	17.13076651	3.49E-05	0.000939492	AT3G54820
-1.453064119	0.184731203	17.11034432	3.53E-05	0.000948313	AT1G19968
0.714899155	2.759789582	17.07984988	3.58E-05	0.000961995	AT1G49560
0.641193329	7.189644623	17.07514217	3.59E-05	0.000961995	AT4G34260
1.36272459	1.902580062	17.03894249	3.66E-05	0.00097659	AT1G13500
-1.032830412	1.539463422	16.98332413	3.77E-05	0.00100403	AT5G03552
1.212854742	0.700997812	16.97255683	3.79E-05	0.001008336	AT1G23210
-1.203315599	2.730254076	16.93632249	3.87E-05	0.001026339	AT2G40750
-0.765360207	2.587823653	16.91638582	3.91E-05	0.001034302	AT3G60550
1.152319175	0.955967975	16.90933911	3.92E-05	0.001036713	AT3G09400
0.817892666	4.81061594	16.88466959	3.97E-05	0.001048824	AT2G22930
-0.5968969	4.480149442	16.87539398	3.99E-05	0.001052508	AT5G27000
0.622578294	7.080527905	16.79212205	4.17E-05	0.001096692	AT3G44550
-0.973626766	1.90070211	16.76912803	4.22E-05	0.001108538	AT5G23030
-1.088473514	0.952855464	16.74727257	4.27E-05	0.001117401	AT3G44705
-0.966216749	1.920190368	16.74438863	4.28E-05	0.001117401	AT3G05980
0.747717156	2.49974715	16.7202468	4.33E-05	0.001129709	AT1G33440
0.653594033	4.729390975	16.71616177	4.34E-05	0.001130602	AT5G61010
1.134295033	0.998206834	16.70977789	4.36E-05	0.001132869	AT5G20810
0.617038615	3.185838495	16.65875822	4.47E-05	0.00115902	AT1G66190
0.640370205	5.947682315	16.6248384	4.56E-05	0.001178336	AT3G55740
-0.68788673	4.601981053	16.58667016	4.65E-05	0.001199044	AT3G04810
0.683560931	2.792027544	16.57191063	4.68E-05	0.001205557	AT2G31585
-1.176949052	4.910471498	16.53791432	4.77E-05	0.001223666	AT2G45050
-0.838563276	4.678431169	16.47072339	4.94E-05	0.001264413	AT2G28110
0.752748981	4.293696649	16.4486698	5.00E-05	0.001277497	AT3G18950
-0.859255978	5.365103439	16.44476772	5.01E-05	0.00127842	AT2G15320
-0.607868646	4.012774885	16.44112429	5.02E-05	0.001279172	AT3G57400
0.800738152	9.340171553	16.34943082	5.27E-05	0.001339003	AT5G48010
-1.427200632	0.2252021	16.29177906	5.43E-05	0.001378532	AT1G63410
0.591385912	5.238294964	16.28089009	5.46E-05	0.001384637	AT5G23280
-0.672093251	3.726417857	16.26003974	5.52E-05	0.001398104	AT5G22940
0.665197468	6.157965007	16.16984261	5.79E-05	0.001462406	AT2G26290
-0.63027717	4.741994109	16.10919185	5.98E-05	0.001502057	AT5G24580
-0.612520773	4.341309912	16.00842742	6.31E-05	0.001575869	AT2G28120
-0.694440372	3.360856815	15.92808928	6.58E-05	0.001639899	AT5G67160
0.633986472	2.999204123	15.90677462	6.65E-05	0.001654158	AT3G18770
0.999584107	1.868398877	15.84192493	6.89E-05	0.001704714	AT4G01890
-0.602580335	3.673957375	15.83998231	6.89E-05	0.001704714	AT1G31650
0.58818438	3.472910033	15.78473703	7.10E-05	0.001752954	AT4G35840
-0.977865207	2.487630954	15.69177756	7.45E-05	0.00183478	AT4G25760
-1.046787245	4.150961505	15.6421192	7.65E-05	0.0018781	AT5G50760
-0.838693514	6.685094759	15.58034496	7.91E-05	0.001935499	AT1G29025
-0.592281014	3.547960601	15.56863607	7.96E-05	0.001945033	AT3G45840
0.698631209	2.341739328	15.55025899	8.03E-05	0.001961522	AT4G21310
-0.881583665	1.994195819	15.47067317	8.38E-05	0.002040657	AT1G58420
0.869827079	5.956969187	15.46405766	8.41E-05	0.002045207	AT2G01880
0.637684148	3.36478786	15.32430694	9.05E-05	0.002185516	AT1G53625
0.98198761	3.462677685	15.30940545	9.13E-05	0.002200046	AT2G02950
-0.76141548	2.535897956	15.28732868	9.23E-05	0.002220309	AT2G22890
0.801154086	4.286267389	15.27045801	9.32E-05	0.002237414	AT2G44010
-1.090302387	2.390215119	15.26059446	9.36E-05	0.002246307	AT4G30420
0.65544357	5.42311125	15.16839621	9.83E-05	0.002349851	AT5G19290
0.869883863	8.231864638	15.14924961	9.93E-05	0.002370837	AT1G72140
0.901755106	1.988080287	15.05684044	0.000104321	0.00248049	AT1G17147
-0.720417871	2.668795321	14.99517014	0.000107787	0.002556524	AT5G03670
0.811637721	4.10353491	14.97961547	0.000108679	0.00257449	AT2G23050
1.493463	0.813110289	14.95746258	0.000109962	0.002598454	AT3G13404
-0.729163895	2.738763022	14.86240761	0.000115645	0.00270937	AT4G09890
0.935659759	1.174248158	14.86235348	0.000115648	0.00270937	AT5G52900
1.183081985	1.096497441	14.8533476	0.000116202	0.002715739	AT3G15370
0.599635059	3.758895111	14.85330725	0.000116204	0.002715739	AT3G45430
-0.588618872	3.984921515	14.8188704	0.000118345	0.002759035	AT1G64620
0.598475043	3.950000704	14.7769558	0.000121005	0.002817609	AT3G26500
-0.632482617	3.902070247	14.76492671	0.00012178	0.002832191	AT1G53340
-0.630547777	5.956012244	14.75778755	0.000122242	0.002839481	AT5G14920
-1.33806022	0.779376452	14.74724505	0.000122927	0.002851936	AT2G39690
-0.962484294	2.501585205	14.72828344	0.00012417	0.002875244	AT1G05280
-0.610162713	5.589550422	14.72704586	0.000124251	0.002875244	AT1G72360
0.650550754	2.660267301	14.64520259	0.000129765	0.00299241	AT5G46060
0.587745479	8.932741378	14.62842532	0.000130925	0.003008281	AT1G03220
1.109390363	3.240661569	14.62578475	0.000131108	0.003008882	AT3G49330
0.695948072	2.984363551	14.61715977	0.00013171	0.003011837	AT4G02075
-0.728818833	3.824653816	14.60984188	0.000132222	0.003019942	AT4G01440
-0.823059898	2.185614039	14.59007016	0.000133617	0.003048153	AT2G42660
-0.923096355	1.462033962	14.58034788	0.000134308	0.003060268	AT4G19530
-0.603809545	6.200343156	14.52132016	0.000138582	0.003131533	AT4G17900
0.826722561	5.020172341	14.49369878	0.000140629	0.003174035	AT2G34500
0.630497086	6.28447153	14.4771668	0.000141869	0.003198238	AT4G20240
0.952717137	1.970886249	14.41247483	0.000146826	0.003286746	AT1G80730
0.800100863	2.757823133	14.36419593	0.00015064	0.003368161	AT3G60720
1.024688737	3.255177409	14.32216596	0.00015404	0.003440174	AT1G26945
0.913442154	1.274876836	14.31306722	0.000154787	0.003452808	AT2G36590
0.623284714	8.416619105	14.30933361	0.000155094	0.003455631	AT1G78830
-1.21532232	2.556487554	14.26293487	0.000158965	0.003533634	AT4G39675
0.966080716	2.679571946	14.21595099	0.000162983	0.003614556	AT1G54095
0.645543468	2.884821722	14.18304205	0.000165859	0.003669813	AT5G15820
0.600672715	4.031849426	14.16554456	0.000167408	0.003699818	AT2G32270
0.733453543	2.846014622	14.01993462	0.000180883	0.003988392	AT4G18197
-1.115277861	1.143276508	13.97035004	0.000185716	0.004090254	AT5G54050
-0.721767781	1.936442719	13.93881234	0.000188858	0.004149889	AT4G26260
-0.680550745	4.049022115	13.90245553	0.000192547	0.004216399	AT1G78020
-1.260470885	0.684095202	13.82158963	0.000201013	0.004396759	AT5G57780
-1.535749113	-0.007059771	13.78530955	0.000204932	0.004472252	AT3G60870
-0.60204929	2.637285288	13.78292801	0.000205192	0.004472819	AT4G26890
0.974746584	1.207474428	13.77552676	0.000206002	0.004485361	AT4G22200
-0.668634902	3.092598849	13.76658234	0.000206986	0.004501641	AT1G44760
-1.163551832	1.446030292	13.65914068	0.000219172	0.004734358	AT3G23240
-0.873690546	1.219779311	13.62245582	0.000223496	0.004816884	AT4G34970
0.71855994	2.709042749	13.61992917	0.000223797	0.004817939	AT5G04980
-0.776743529	2.270032713	13.61691821	0.000224156	0.004820244	AT5G64530
1.250175754	0.250417183	13.5562315	0.000231521	0.004973029	AT3G28917
1.142883815	0.447450486	13.52496187	0.000235411	0.005045241	AT1G53708
-1.392257194	-0.055907624	13.50438909	0.000238006	0.005083757	AT1G49030
-0.631600998	3.194200531	13.49177674	0.000239611	0.00511233	AT1G27620
-0.665389639	2.529076922	13.47998667	0.000241122	0.005138818	AT3G25790
0.694514222	2.60315667	13.43691861	0.000246721	0.005222044	AT4G25700
0.596464032	3.872143783	13.43526015	0.000246939	0.005222044	AT2G32430
0.590538294	2.853414553	13.41497438	0.000249624	0.005267168	AT4G18205
-0.635376947	3.256321479	13.41252137	0.00024995	0.005268245	AT3G11580
0.937488218	1.45856995	13.37686607	0.000254747	0.005357535	AT1G43140
-0.628418799	5.422825383	13.372158	0.000255387	0.005365098	AT1G32090
-1.050836928	1.192980606	13.365145	0.000256344	0.005379287	AT2G46160
-0.588188786	2.776961967	13.35922715	0.000257154	0.005384467	AT4G00940
1.011291693	0.872318583	13.28582549	0.00026742	0.005574998	AT5G46295
-0.604186791	3.827937122	13.25573218	0.000271748	0.005640607	AT3G23340
-0.602578784	3.732257322	13.24603763	0.000273157	0.005663705	AT3G05690
0.781494424	3.85128022	13.23763776	0.000274383	0.005682978	AT1G55240
0.688542883	2.184853585	13.11986799	0.000292181	0.00600604	AT1G54217
0.963719955	2.133497861	13.10305732	0.000294814	0.006047172	AT1G67910
-1.26724075	0.54974042	13.00983189	0.00030986	0.006308401	AT5G38790
-0.793350971	1.507370475	12.9945877	0.000312393	0.006353202	AT1G63820
-0.710436209	2.07598196	12.9592674	0.000318342	0.00646731	AT1G03010
0.598401728	4.254492651	12.94926206	0.000320048	0.006495064	AT2G20340
-0.688176104	2.411077415	12.94214548	0.000321267	0.006505989	AT5G42785
-0.647587689	2.763398134	12.9206803	0.000324972	0.006574058	AT3G59680
0.643126166	3.591847589	12.91160514	0.000326551	0.006586748	AT5G47960
-1.132184896	2.425732972	12.90739336	0.000327287	0.006586748	AT1G16390
0.956595013	2.195420314	12.89915805	0.00032873	0.006601188	AT5G40630
0.871771534	4.087861391	12.83950839	0.000339377	0.00678647	AT1G45015
0.77128676	1.675247281	12.81825186	0.000343254	0.006856836	AT1G70885
-0.806976918	2.346107715	12.78248101	0.000349881	0.006974627	AT1G48690
-0.948100378	0.943987334	12.77290733	0.000351676	0.007003111	AT3G17580
0.592409977	3.656427873	12.75121043	0.000355779	0.007058144	AT2G34340
-0.931914699	0.976205117	12.75067266	0.000355881	0.007058144	AT3G55310
0.864821616	1.32672432	12.74794901	0.0003564	0.007058144	AT1G36622
1.200729099	0.481268598	12.7473425	0.000356515	0.007058144	AT5G22390
-0.944327971	2.454154096	12.69933269	0.000365786	0.007216442	AT5G22570
1.075113048	1.479192808	12.67471414	0.000370634	0.007289514	AT1G70440
-0.681522983	4.878810718	12.65303336	0.000374957	0.007351846	AT5G14760
-0.706387106	2.530937726	12.63992312	0.000377596	0.007395997	AT2G28650
-0.867397068	2.066205097	12.59231255	0.000387337	0.007571282	AT5G24880
0.633635561	3.513194059	12.54437358	0.000397401	0.007747492	AT3G46130
1.08133906	0.661335744	12.53721034	0.000398927	0.007766085	AT5G52600
-0.904430864	2.228034374	12.52264603	0.000402049	0.007818894	AT1G49470
-1.098208864	1.884236308	12.46662797	0.000414287	0.008010589	AT1G21360
0.589246341	6.374878609	12.46602841	0.00041442	0.008010589	AT5G20150
0.775190858	2.128928902	12.46319466	0.000415049	0.008014647	AT5G02180
0.751771721	3.872528466	12.452618	0.000417406	0.008052025	AT1G73280
-0.718467033	2.396289344	12.38962467	0.000431726	0.008253306	AT5G01760
-0.672978348	3.567810557	12.38362846	0.000433115	0.008271581	AT3G62570
1.23109285	0.249372252	12.30723134	0.000451207	0.008582806	AT1G62760
-0.656930611	4.140220767	12.30224944	0.000452413	0.008590358	AT3G23190
-0.991328373	0.824471803	12.26852649	0.000460662	0.008727922	AT5G09430
0.803968596	2.245754243	12.25590653	0.000463788	0.008769764	AT5G45810
0.612035028	4.795479865	12.23699694	0.000468512	0.008848601	AT5G23750
-0.629982892	3.024304491	12.22662165	0.000471124	0.008882133	AT1G15800
0.811045394	1.276281535	12.21472649	0.000474138	0.008912575	AT5G60650
0.587315967	3.497142613	12.16715081	0.000486385	0.009124859	AT5G11540
-1.133969359	0.722820209	12.14968464	0.000490962	0.00920168	AT4G36000
0.700395817	4.793569262	12.09270949	0.000506194	0.009459246	AT3G56620
-0.838650302	1.372925815	12.09090609	0.000506683	0.009459246	AT5G57540
-0.726943412	4.592046581	12.0653719	0.000513671	0.009580333	AT3G23800
0.872947037	1.368899909	12.05150641	0.000517505	0.009642448	AT5G24655
1.180764047	0.363122592	11.96214795	0.000542922	0.010028067	AT5G16080
-0.714427958	4.208579764	11.91849646	0.000555793	0.010226274	AT5G49700
-0.680517478	3.572950839	11.91496727	0.000556847	0.010235815	AT4G23750
0.673971468	5.838377452	11.90661592	0.000559349	0.01027193	AT4G34138
-0.977628373	1.487933044	11.87862425	0.000567819	0.010377619	AT1G69930
0.906009725	1.283497404	11.81757157	0.000586743	0.010662332	AT1G49620
0.701960193	2.197555303	11.81477741	0.000587625	0.010668204	AT1G49210
-0.662571263	2.571578598	11.7972949	0.000593168	0.010758635	AT5G59790
-1.167282963	0.238950135	11.72738743	0.00061587	0.011117644	AT1G58150
-0.654182695	4.646263323	11.71735389	0.000619199	0.011167202	AT1G67340
0.863134565	1.004718851	11.69825264	0.000625588	0.011261176	AT4G12410
-0.626450162	6.811922328	11.68845606	0.000628891	0.011309974	AT5G07580
0.984868039	1.779952453	11.68396932	0.000630409	0.011316228	AT3G02150
1.361896939	0.275474455	11.67709378	0.000632743	0.011338639	AT1G66700
0.65080005	6.075424079	11.67675824	0.000632857	0.011338639	AT1G66800
-0.672325006	3.860305424	11.67313162	0.000634092	0.011342811	AT2G12646
-0.595512431	3.282771036	11.67105617	0.0006348	0.011342811	AT5G45210
0.709551926	4.598260029	11.66696425	0.000636197	0.011355915	AT4G29800
0.632398607	7.602024888	11.61050041	0.000655805	0.011662349	AT3G09220
0.74407982	1.74802645	11.60654123	0.000657203	0.01167634	AT5G03720
1.079757067	1.613992512	11.5756364	0.000668216	0.011828035	AT5G20710
-0.643071831	4.037804677	11.55310767	0.000676361	0.011948196	AT1G67710
0.604281796	3.929840345	11.55204323	0.000676748	0.011948196	AT1G73010
0.604911268	2.256858081	11.55168446	0.000676879	0.011948196	AT1G80520
0.803147573	1.97648801	11.51028692	0.000692121	0.012183495	AT2G41330
1.085316953	0.388093507	11.42830103	0.000723338	0.012686286	AT3G08500
-0.594452357	2.873764458	11.37860028	0.000742951	0.012994502	AT1G07280
1.100510025	0.679326083	11.35502188	0.000752442	0.013136475	AT3G26960
0.649915044	3.903669047	11.32428279	0.000765001	0.013319233	AT3G59340
-0.976314376	0.623394673	11.31709676	0.000767967	0.013346567	AT4G16230
-0.870216182	2.901989461	11.30825446	0.000771633	0.013398096	AT3G14260
0.704289227	2.313606749	11.27955675	0.000783653	0.013594453	AT1G29000
-1.396514915	0.832747562	11.26871597	0.000788242	0.013643178	AT4G16220
-0.599134215	2.3801048	11.26090399	0.000791567	0.013682077	AT1G68238
-0.733375336	2.095633891	11.23082617	0.000804498	0.013867983	AT1G11540
0.644708695	2.272594392	11.22308106	0.000807863	0.013900909	AT1G14260
-0.851725731	1.150783968	11.19779637	0.000818945	0.014078936	AT5G52670
-0.585235311	2.307727116	11.19573097	0.000819857	0.014081952	AT2G31085
-0.828883923	1.849744339	11.18220551	0.000825855	0.014172243	AT3G56060
0.862408721	1.386223329	11.17836205	0.000827568	0.014188894	AT5G43570
-0.786705245	3.303831664	11.13969452	0.000844998	0.014448862	AT1G69490
0.688085708	2.346863418	11.10858801	0.000859289	0.014653903	AT5G25010
0.588710363	3.591698238	11.09578015	0.000865244	0.014742304	AT5G38350
0.696917056	2.438554012	11.04079042	0.000891289	0.015145567	AT1G57560
-0.796827017	2.453965283	10.99445595	0.000913848	0.015515132	AT5G24070
0.965887852	2.010451305	10.98804782	0.000917014	0.015555055	AT5G43980
0.704714336	1.734278758	10.97729848	0.000922348	0.015604004	AT2G28870
-0.639286657	2.138204925	10.96925922	0.000926358	0.015657987	AT3G45660
0.675008403	3.705262498	10.96628867	0.000927844	0.015669252	AT5G44410
-0.627718035	3.192842832	10.90085744	0.000961198	0.016175364	AT5G38100
-0.860836803	1.934113112	10.88376075	0.000970111	0.016282358	AT3G01516
1.076655216	0.642315466	10.88180271	0.000971137	0.016285282	AT3G14880
0.737300103	3.153706025	10.87279532	0.000975871	0.016336017	AT5G61260
-0.692411566	1.788020428	10.83466327	0.000996174	0.016632196	AT4G20040
0.678299803	5.985425172	10.80148756	0.001014186	0.016892194	AT5G24140
0.770378091	3.372237193	10.80110072	0.001014398	0.016892194	AT3G12970
0.790346297	1.45825634	10.72991899	0.001054171	0.017433027	AT1G59850
-0.981884513	4.432847314	10.66204824	0.001093562	0.018037645	AT5G15830
-0.657662284	1.855926655	10.62910903	0.001113213	0.018314372	AT1G80760
-0.666811514	1.793344237	10.52080844	0.001180378	0.019303074	AT3G50140
-0.789783423	1.069642234	10.49550025	0.001196656	0.019502426	AT3G19500
-0.736066726	2.995809226	10.49388695	0.001197701	0.019502426	AT1G32970
0.816762744	1.813001244	10.49236302	0.00119869	0.019502426	AT2G41312
0.63924099	4.355904093	10.48814304	0.001201431	0.019530399	AT1G78950
-0.716705503	3.751264515	10.45555482	0.001222812	0.019801385	AT4G04700
1.171077115	0.328052426	10.4548483	0.00122328	0.019801385	AT4G28110
0.821718696	1.188290852	10.44850083	0.00122749	0.019852736	AT4G17785
-0.635766533	5.641451572	10.44285774	0.001231246	0.019896648	AT2G19590
-0.676311364	2.555393054	10.41604424	0.001249252	0.020170566	AT5G43020
1.171327846	-0.009951814	10.37238524	0.001279142	0.020583631	AT1G09400
-0.622193517	2.414065675	10.36808077	0.001282128	0.020614327	AT2G42360
0.693395924	5.022072847	10.35833289	0.001288915	0.020671307	AT5G23190
1.212139643	0.378050709	10.35148435	0.001293706	0.020713384	AT2G37370
-0.750703774	2.384342779	10.34242937	0.001300068	0.020797823	AT2G20562
-0.685597122	1.467878667	10.32314668	0.001313721	0.020963612	AT1G76220
0.691205838	1.774987418	10.2598253	0.001359586	0.021587373	AT5G44700
-0.89239924	1.786076201	10.25652594	0.001362019	0.021603414	AT5G28490
0.685504609	1.816602285	10.21861867	0.001390299	0.021947443	AT4G15700
0.619923735	2.433485272	10.21134608	0.001395793	0.021997829	AT4G34250
-1.4435068	2.374366335	10.18493965	0.001415924	0.022260042	AT3G55970
-0.829885157	1.272622021	10.16748483	0.001429391	0.022398094	AT3G48970
-0.671942754	1.850173317	10.15809057	0.001436693	0.022494077	AT2G28710
1.039257152	1.865854728	10.15618012	0.001438183	0.022498973	AT3G60280
1.312157315	-0.142498497	10.11126065	0.001473661	0.022997537	AT5G07880
-0.805702091	1.127393003	10.06391937	0.001512012	0.023576785	AT2G35585
0.808758047	5.085844559	10.0603399	0.001514953	0.023584162	AT5G04370
0.594369846	5.037843376	10.00677082	0.001559658	0.024162052	AT2G39380
-0.858696524	1.206076594	9.993872386	0.00157062	0.024283191	AT1G13620
0.947918986	1.010964486	9.983827176	0.001579211	0.024346595	AT2G28210
-0.647561482	2.543985759	9.981220211	0.001581448	0.024361443	AT4G01240
0.92260597	1.081756855	9.940937499	0.001616432	0.024817794	AT2G17770
0.591022006	3.065561943	9.939071677	0.001618071	0.024817794	AT5G23955
-0.74977612	1.685691818	9.93817211	0.001618862	0.024817794	AT4G19980
0.657557788	6.24085947	9.903057281	0.001650044	0.025214944	AT2G30550
-0.981122951	3.986640651	9.894410418	0.001657816	0.025293264	AT1G61840
-0.689669595	1.577234546	9.881725212	0.001669284	0.025447921	AT1G13430
-0.954096802	0.796435117	9.872865818	0.00167734	0.025530029	AT3G61970
-0.97859484	0.769451143	9.845520107	0.001702458	0.025850595	AT5G38420
-0.63747498	2.143554418	9.836667296	0.001710672	0.025934106	AT2G01990
-0.670554124	2.361925129	9.824446934	0.001722075	0.026045018	AT2G31230
0.767029249	1.736109874	9.808953737	0.001736643	0.026223854	AT3G14362
0.648197792	1.980726583	9.754907976	0.001788446	0.026878712	AT2G36640
1.173186453	-0.091818279	9.749860686	0.001793363	0.026931439	AT2G07042
-0.703768684	1.834392657	9.747987138	0.001795192	0.02693774	AT2G40475
-0.669069393	2.034812464	9.67787034	0.001865007	0.027854168	AT5G67350
-0.809655312	3.546613361	9.665204231	0.001877909	0.028003107	AT4G38410
0.66803633	1.672303624	9.577717374	0.001969531	0.029228096	AT2G26440
-0.78895679	1.629092181	9.561393089	0.001987123	0.029425113	AT2G26870
-0.912317407	1.604480303	9.553012331	0.001996216	0.029514039	AT5G45580
-0.586212195	4.73144554	9.505625458	0.002048429	0.030192615	AT3G58120
0.633977732	3.165673123	9.470425157	0.00208811	0.030706457	AT2G40390
-0.888123742	0.623259958	9.413371825	0.002154087	0.031531157	AT1G26870
-1.140511618	0.495361514	9.408615473	0.002159682	0.031588867	AT5G38540
1.142800523	0.005419579	9.376760088	0.002197536	0.032044467	AT2G42980
-0.698360198	3.284454548	9.372808963	0.002202278	0.032082912	AT5G02550
-0.630038235	1.849948617	9.363001126	0.002214093	0.032187696	AT1G23935
-0.713579781	3.881770208	9.315725643	0.002271954	0.032953673	AT3G45530
0.592926139	6.484666272	9.29894325	0.002292861	0.033156293	AT5G42590
0.598172307	5.94942047	9.253554677	0.002350388	0.033904216	AT1G18870
0.702922837	1.867075391	9.173257647	0.002455771	0.0351293	AT3G57950
0.748017339	2.545370739	9.158866579	0.002475158	0.035338014	AT1G29290
-0.782842153	2.27832002	9.110992708	0.002540779	0.036086242	AT4G16270
0.809627805	0.899303385	9.104298491	0.002550095	0.03619166	AT5G48670
-0.684298756	1.65038804	9.084703311	0.002577563	0.036527258	AT5G59510
0.586670454	2.55170117	9.043138388	0.002636826	0.037146795	AT1G75590
0.716994661	2.320932046	9.014919126	0.002677847	0.037597844	AT5G51390
-0.656272918	1.779176504	8.991505416	0.002712375	0.037876162	AT5G40210
0.700303378	1.216106048	8.986809748	0.002719353	0.037918219	AT5G27630
0.628659663	9.13138057	8.959921619	0.002759667	0.038424297	AT3G01420
-1.15288766	0.039371373	8.951589318	0.002772283	0.038487823	AT3G52540
-0.611583046	3.966156605	8.923158718	0.002815771	0.039034875	AT1G15640
-0.708969009	2.039892685	8.842575167	0.002942836	0.040629352	AT5G26230
0.910284278	1.216478752	8.842138779	0.00294354	0.040629352	AT1G35610
-0.724412874	4.767928779	8.810689311	0.002994709	0.041127764	AT1G68880
0.944737615	2.744028936	8.798102362	0.00301544	0.041347295	AT3G51680
0.721470724	1.457569654	8.79463528	0.003021176	0.041347295	AT2G38185
0.815052471	0.794460629	8.794441633	0.003021497	0.041347295	AT1G22160
-1.029748022	0.841543875	8.780524804	0.003044636	0.041574503	AT3G50200
0.994563699	2.989941402	8.727323162	0.003134764	0.042622533	AT3G14540
0.638010645	2.207938917	8.725296068	0.003138251	0.04263962	AT4G36240
-0.725513279	1.932701368	8.702446257	0.003177833	0.043018812	AT5G48485
0.688910933	3.044111167	8.701397907	0.003179661	0.043018812	AT5G54490
-0.587644025	4.557878013	8.680605083	0.003216142	0.043420187	AT1G31950
0.849261856	1.881247705	8.677997373	0.003220747	0.043451673	AT1G64930
-0.707958161	3.341711969	8.666065499	0.003241904	0.043667851	AT1G74490
-0.657296582	1.73727008	8.665099228	0.003243623	0.043667851	AT3G50190
-0.863150812	1.031173417	8.644240649	0.003280969	0.044108492	AT5G23800
-0.621340427	2.789391166	8.632368829	0.003302419	0.04434616	AT1G13600
0.894009711	0.63196027	8.61216802	0.003339246	0.044672053	AT1G22110
-0.705863935	2.596794729	8.580575393	0.00339768	0.045263726	AT5G17800
-0.657948348	2.008061052	8.547423389	0.003460116	0.045999337	AT4G09420
0.801493899	1.254895529	8.469533481	0.00361144	0.047811569	AT5G48175
-0.707230908	1.330607132	8.4492099	0.003652021	0.048248568	AT1G73965
-0.961569209	0.34262354	8.394877276	0.003762799	0.049434857	AT2G06200
0.622828386	4.108348861	8.392524798	0.003767672	0.049434857	AT1G14185
-0.986069378	1.070094371	8.376302061	0.003801451	0.049775576	AT3G49380