logFC	logCPM	LR	PValue	FDR	geneId
5.11114339864154	4.07931596924079	338.83353668454	1.145267198102e-75	2.11049839266236e-71	AT1G74890
2.62111515910828	5.51540934610637	335.220169102448	7.0121973751968e-75	6.46103866150633e-71	AT5G62920
2.80916685398501	7.17287989829076	278.285440796092	1.77513882284092e-62	1.09040860757708e-58	AT1G19050
3.76656534857578	4.7982924421674	268.880939108948	1.98978218452935e-60	9.1669265241267e-57	AT3G48100
2.25723167441241	5.02100593288673	236.260805090169	2.57065093585326e-53	9.47439108918079e-50	AT5G05860
2.20932091820418	7.20388792743847	186.821496046778	1.57094105141606e-42	4.82488361591587e-39	AT1G10470
2.92106030346921	2.04142280385357	154.86929858005	1.49539569354991e-35	3.93673597724824e-32	AT1G16530
2.7114546501192	2.71519967108238	139.904577541934	2.79306137159615e-32	6.43381686947174e-29	AT2G40670
2.04354638073856	3.51440873593998	138.881838640764	4.67451504647997e-32	9.5713292529481e-29	AT1G78120
1.39264635639461	5.45680004873914	128.953639686831	6.94210662063841e-30	1.27929140805125e-26	AT2G36870
1.60479888925966	5.03254082768188	125.070909809437	4.9108124595941e-29	8.22695018230909e-26	AT4G27970
2.21927247727906	3.758098632582	123.888687471895	8.91045986182353e-29	1.36834961944737e-25	AT1G75450
3.8255958720823	1.56735691751789	115.085537709809	7.53750642973009e-27	1.06847052682358e-23	AT1G19040
2.12852119627029	3.7461530296019	104.481908498867	1.58635274242428e-24	2.08809345267105e-21	AT2G41310
2.33320835440913	3.99784621280678	97.4555071622357	5.5080129886798e-23	6.76677755702609e-20	AT5G19260
2.45351013325204	1.68093287944044	95.632710504572	1.38302278035873e-22	1.59289648727817e-19	AT1G68360
1.27911938355843	4.19788053165415	94.4888573146604	2.46475946707701e-22	2.67179926231148e-19	AT1G75440
2.01066939481203	4.87350995817791	90.8287426718035	1.56661054382003e-21	1.60386106119531e-18	AT3G57040
1.94074397659764	3.04938335662118	88.2373044300718	5.80546584670982e-21	5.63069076964045e-18	AT3G29670
1.47371887522824	4.73172902337361	87.7518792535887	7.42023941455273e-21	6.83700859656889e-18	AT5G06570
2.07353197877022	5.91115996767553	87.5203878093909	8.34155162926344e-21	7.3199101630508e-18	AT4G29740
1.07783336258231	4.86728809160336	83.348129577647	6.8803875859896e-20	5.55945151676592e-17	AT1G13740
1.49949030601741	3.5087960565976	83.3314305302777	6.93875542031778e-20	5.55945151676592e-17	AT1G58170
1.39403440926664	4.33760051624173	81.5411700792742	1.71648338534159e-19	1.31797315937812e-16	AT1G12420
1.34009796135614	4.92077433457362	80.0807357163772	3.59419573048466e-19	2.64935355685485e-16	AT3G50700
1.61542504425039	4.03422281929074	79.3375553418303	5.23549841970223e-19	3.71076018762587e-16	AT2G01830
2.50092974631627	1.26433783448574	78.8721337718079	6.62628671589337e-19	4.52256339261048e-16	AT1G10460
-1.09146963229321	4.98437232831179	78.3861519751982	8.47441645192538e-19	5.57737665628861e-16	AT5G53420
2.9837358685746	1.0455150571536	74.9528667493444	4.82086658636702e-18	3.06341136046798e-15	AT4G02810
1.29057595324113	3.77002851535258	69.6562860756772	7.05934018098901e-17	4.33631736184218e-14	AT3G06020
1.40876483498717	3.86046375304911	67.8810369228171	1.73663347310977e-16	1.03234456911184e-13	AT4G26150
1.78186115308874	2.96632729363268	67.669291321941	1.93351647002779e-16	1.11346379717725e-13	AT4G15680
1.34986399123232	3.48929552859487	66.5315535684426	3.44337329883809e-16	1.92286312578753e-13	AT4G11190
1.10860463105932	4.90432970029843	63.5151756103063	1.591361370002e-15	8.62517862541083e-13	AT3G53960
1.10726895101925	4.39086549853335	62.5238424225732	2.63238440015863e-15	1.38598799217495e-12	AT3G13380
0.943652623108436	7.51935221718738	62.2458145615355	3.03152565943696e-15	1.55180430144734e-12	AT4G34950
1.14259389581585	3.88890721639823	59.6153480646817	1.15332200571721e-14	5.74416700577208e-12	AT5G22390
1.14738958987851	3.28193945570828	57.4957847166266	3.387043928497e-14	1.64253803985112e-11	AT2G29490
1.25138527355792	5.29021672183861	56.8934023519657	4.60086812125283e-14	2.1739691727807e-11	AT2G18300
1.1202848286598	4.42498036518163	54.703862946342	1.40130580431705e-13	6.45581584048864e-11	AT4G29905
1.44998429637474	2.52611172667752	52.8758903243356	3.55304204613683e-13	1.59696241039535e-10	AT2G45080
1.71272837361994	1.49179565439379	52.8195623979069	3.65641278447903e-13	1.6042946379138e-10	AT1G10480
0.797218187647513	6.23682776131586	51.2776812317174	8.01820805123081e-13	3.4362683248391e-10	AT4G37790
1.03249623487324	7.05560624961503	50.4183750958227	1.24225610983745e-12	5.2027944527465e-10	AT1G69530
0.881005049976199	5.71487673515178	50.328672044031	1.30035694146901e-12	5.3251061594202e-10	AT2G29970
0.901316822543536	4.32314871365813	49.7968482314586	1.70517657953005e-12	6.83108565382167e-10	AT3G61630
1.530876725434	5.14924963660644	49.5122359596344	1.97138327501184e-12	7.72950021104644e-10	AT1G61340
-0.837225601315755	6.93785941290938	49.3925694917107	2.09537808555075e-12	8.04450570011027e-10	AT4G03400
1.19752264277951	3.81008682707312	48.862979094247	2.74483031506922e-12	1.03228026624685e-09	AT4G15230
-1.19027020878395	2.8243221552206	48.3993593727681	3.47681757747512e-12	1.28141588635423e-09	AT5G42680
1.02258765448685	5.71979819431751	47.7185351403316	4.92017826537506e-12	1.74956021688672e-09	AT5G61010
2.05905740105376	1.70194256054023	47.7118848838042	4.93689663979322e-12	1.74956021688672e-09	AT4G21120
2.0164726852313	2.46747699846619	46.8920628884118	7.50058638883052e-12	2.60793973534658e-09	AT1G13420
0.752139319350611	4.95484986237715	46.7452191134851	8.0841918286081e-12	2.75880531514056e-09	AT1G07200
1.9384306362839	1.32529393715424	46.5444782284063	8.95622742508915e-12	3.00082470890078e-09	AT1G04360
1.40815051657462	4.58925093783393	46.4299677009628	9.49521459342340e-12	3.12460383085012e-09	AT2G46310
0.81222635880983	4.878271475257	46.0062743771578	1.17874865685649e-11	3.81087372781602e-09	AT1G01030
2.55839476869597	1.04303372807871	45.1633444401485	1.81266327575665e-11	5.75926876649027e-09	AT3G50300
0.858201707423205	4.97338322721768	44.9010540507796	2.07246289287108e-11	6.47310952369972e-09	AT4G29720
1.23747928816812	3.71161381514978	43.9942561529757	3.29340906400901e-11	1.0115157038593e-08	AT2G40130
0.976189842416746	5.50985176010893	43.8716402008901	3.50632815237773e-11	1.05925598675437e-08	AT2G17820
1.08616986532027	3.34476335080139	41.4080172370562	1.23549639721652e-10	3.60659465665504e-08	AT1G21120
1.48139405940294	2.92238645555129	41.4079306861906	1.23555110034841e-10	3.60659465665504e-08	AT4G15670
1.40552113397787	2.26359299711806	41.3812011183909	1.25256163460996e-10	3.60659465665504e-08	AT1G76410
0.985733881115859	5.19952966344126	41.1982328540961	1.37546840218605e-10	3.89955872545917e-08	AT1G31770
1.35311594590832	2.91868230222745	41.0032227211061	1.51978409194559e-10	4.18838787760167e-08	AT5G13330
1.08869678680144	3.16299979089421	40.9993453460071	1.522802191227e-10	4.18838787760167e-08	AT5G46230
1.45433859917856	3.58660160978375	40.8571327500512	1.63774413516601e-10	4.43828660629989e-08	AT1G03850
1.08614390385824	5.83251876935932	40.5910792350697	1.87661462856785e-10	5.01192092394904e-08	AT4G23750
0.852714134579649	4.56248835720888	40.4709692235432	1.9955918992214e-10	5.25353821697885e-08	AT2G03730
0.918453435129639	4.06547785472776	39.8933210099177	2.6821879587125e-10	6.96159995819069e-08	AT4G39070
1.53992847519508	3.06145170584326	39.7671546104482	2.86116480008797e-10	7.32299235222516e-08	AT4G22620
0.951960896473213	3.80293486921115	39.4783804464537	3.31711592510464e-10	8.37367291340114e-08	AT4G35160
0.998908256782236	9.53152598255328	38.811644937649	4.66735169042275e-10	1.16229671555555e-07	AT1G78850
1.21698307572911	3.41658310205627	37.5644834681115	8.84402688097952e-10	2.17303636483587e-07	AT3G29575
1.09658965234023	5.00166828481153	37.5032443197282	9.12610570855608e-10	2.21284047364831e-07	AT1G78600
1.19784859525008	4.44839725099554	37.1933623695241	1.0697728792779e-09	2.55617297952776e-07	AT5G05850
1.31845754879891	3.2680750665348	37.1595432842629	1.08848742337158e-09	2.55617297952776e-07	AT1G55610
1.16502186840043	2.93777177243273	37.1464514856057	1.09581976005368e-09	2.55617297952776e-07	AT4G15660
2.04430061126043	1.08153235902554	36.8964202642614	1.24574463442161e-09	2.86957276539019e-07	AT3G15720
-0.666252780355185	5.54723975155868	36.8036334574644	1.3064653492741e-09	2.97228931560779e-07	AT3G02170
1.45409733018859	2.09563447393462	36.4011221116868	1.60610725645959e-09	3.60943225878504e-07	AT1G70430
0.770587619611283	4.14426905985327	36.3564758439583	1.64332283313313e-09	3.64857267096113e-07	AT4G01026
1.65576604227168	2.20528630464285	35.8665978276504	2.11300288180257e-09	4.63552584593545e-07	AT3G57010
1.00099003676887	3.73229524549554	35.4792917759904	2.57776567238022e-09	5.58859597772032e-07	AT4G24015
1.1647783133208	3.868498479804	35.0514948912027	3.21100368103288e-09	6.88050881791557e-07	AT5G15310
0.907393942690155	4.31527030997046	34.9331975018858	3.41213251887219e-09	7.22744575376744e-07	AT2G02990
0.764805881604647	6.57705042766197	34.8702206000795	3.5243026428209e-09	7.3764447087392e-07	AT5G11420
0.810843534867382	4.85201639728869	34.8492143061794	3.56253298826671e-09	7.3764447087392e-07	AT4G34610
0.84973373829141	4.62242675658476	34.6969185070628	3.85240900328483e-09	7.88802145694809e-07	AT3G54950
1.09220339346802	5.72073507180514	34.323661522076	4.66673374123095e-09	9.45039223993451e-07	AT1G69040
0.870573920777392	5.25054068911295	34.0727191473285	5.30903985990222e-09	1.06342376672041e-06	AT1G30040
0.742717111928225	4.2083242612777	33.8236389280562	6.03411921902205e-09	1.19566396739934e-06	AT5G24530
0.712287267307377	5.05980843670945	33.4949864885486	7.14479233640345e-09	1.40068333165152e-06	AT4G14230
0.765971325587044	4.53809137994977	33.4005457922991	7.50029136837458e-09	1.45489862459375e-06	AT5G53290
1.12937087317077	3.5552244532585	33.0766532404122	8.85961793841135e-09	1.70067749342755e-06	AT1G67195
1.27960502184725	3.10439210143987	32.894424201737	9.73019430450948e-09	1.84853629529382e-06	AT4G11521
0.752134716668297	5.16157328951785	32.4670227311054	1.21232358985148e-08	2.27912405516121e-06	AT5G57220
1.56786605622641	0.902145908565608	32.4477527751482	1.22440460962101e-08	2.27912405516121e-06	AT2G21650
1.95260753402064	1.53202328553147	32.3659141959734	1.27707028083453e-08	2.35338511352187e-06	AT2G39920
0.947453070726636	4.02937390674599	32.2037687728375	1.38821218155874e-08	2.53286872096678e-06	AT4G19380
1.32942460350551	3.04339019161766	31.7945404142094	1.71373788477213e-08	3.09615311182165e-06	AT2G01890
-1.75956005655305	0.668977449782785	31.6787656786232	1.81900222989168e-08	3.25442457208194e-06	AT2G27550
1.56043839763849	1.40530021437682	31.5031196219887	1.99120096481819e-08	3.52825494035284e-06	AT4G21760
0.878158915405416	6.60451981619177	31.1068992234679	2.44201875880179e-08	4.2858592083047e-06	AT5G13180
2.15220532391151	-0.0223902777246296	30.7530932472931	2.93036345467518e-08	5.09440922101455e-06	AT5G65030
-0.690287586885682	4.2329141148628	30.6439959122038	3.0998435035943e-08	5.33868374619025e-06	AT5G61420
0.784142713471716	5.4377654230633	30.5995610570681	3.1716549149708e-08	5.41178303454463e-06	AT5G64620
-1.36505535429679	1.55366459445767	30.4256026548039	3.46919079006109e-08	5.8651603558941e-06	AT5G46690
0.935975365674422	3.78210629975486	30.3195497594514	3.66414160376893e-08	6.1168263299112e-06	AT2G30540
0.833784375068247	3.61279911589603	30.3088366564976	3.68443522151152e-08	6.1168263299112e-06	AT3G50560
1.36818275388725	2.99531975995897	30.1917719293173	3.91366309763658e-08	6.39755410611771e-06	AT5G04770
1.79991645196357	1.39488017044128	30.1871687888942	3.92296295849415e-08	6.39755410611771e-06	AT3G56380
1.06887425526906	3.94635841022532	30.1199747826112	4.06126485938871e-08	6.51754252944108e-06	AT2G40230
0.761072687941222	4.63096811729931	30.1171070974077	4.06727474975974e-08	6.51754252944108e-06	AT5G54510
0.744721501245425	4.43268160533343	29.640785334503	5.19992315467146e-08	8.26070550812808e-06	AT1G72140
-0.750094028053711	4.24017551279742	29.431138644513	5.79391819796236e-08	9.12566876513251e-06	AT4G27140
1.89122755711529	1.10889069767401	29.2371081867447	6.40408975181176e-08	1.00012344022362e-05	AT4G27980
0.814132337550699	3.32637441399683	29.2020050320645	6.52116882582607e-08	1.00984957245649e-05	AT4G18210
0.925340178633238	3.64316635789837	29.1742743295843	6.61517306926152e-08	1.01587007766959e-05	AT5G21482
1.66948715768374	1.32039929029676	29.0618491094668	7.01040054132931e-08	1.06766662128609e-05	AT3G45700
0.612162605716814	5.00103984781219	28.8153802132013	7.9616353582392e-08	1.20259849493141e-05	AT1G50040
0.651927364584411	5.18137680933469	28.7875658674586	8.07679887381389e-08	1.21007520037921e-05	AT4G34220
0.891239653628054	4.26801198945267	28.7613832252017	8.1867311973446e-08	1.21665389116666e-05	AT4G19230
0.688320104789518	4.3906373663476	28.6982473764385	8.45802439222486e-08	1.24691578799936e-05	AT5G39760
-1.07863921790302	2.04700843844487	28.6784062146686	8.54512786180914e-08	1.24975885902713e-05	AT5G57685
1.71940131176087	3.25039055623368	28.3499467060268	1.01249591668351e-07	1.46915549233415e-05	AT2G32680
1.14595414427783	2.24558179805246	27.8197476086138	1.33159989394037e-07	1.91708772230728e-05	AT1G68290
-0.731546119133835	3.82999799646734	27.7283066797013	1.39604925250091e-07	1.99429423450286e-05	AT5G16190
0.740547794711083	6.79319108934131	27.6465245501932	1.45633489887297e-07	2.06441073203316e-05	AT5G19110
0.698363683383772	4.98526877333296	27.0986428236831	1.93333625051364e-07	2.71965804766911e-05	AT5G53760
-0.663920304920214	6.18111750457123	27.0691820408129	1.96302596507341e-07	2.74050321851309e-05	AT5G56040
0.737291870770455	3.9789375134316	26.568656786275	2.54336661362446e-07	3.49769850416951e-05	AT5G59790
1.65712248962136	0.630475755476904	26.5459868400512	2.57338737958207e-07	3.51276908377322e-05	AT5G51780
0.65348277894305	4.57001935687905	26.3859346769767	2.79568896391577e-07	3.78815854610587e-05	AT4G30850
-0.703589791858617	4.20845097540541	26.0628420745039	3.30483341819848e-07	4.41315001670736e-05	AT5G50150
-0.909653247740342	6.43069097240863	25.9822099527998	3.4457803103085e-07	4.5682618387313e-05	AT1G70940
0.597706591988455	6.17181024654483	25.9627601137619	3.48067165523767e-07	4.58155837590855e-05	AT2G26690
0.84597031924997	3.09547446896413	25.9420864202259	3.51814687296725e-07	4.59804330319436e-05	AT1G68780
0.863075067048617	3.59642857705025	25.755974784594	3.87425779691621e-07	5.02780441419521e-05	AT4G36540
0.684872348397763	5.13466725615576	25.671382857402	4.04785291324472e-07	5.21635199197718e-05	AT4G27300
1.27175521138265	1.10588542963777	25.614882593863	4.16812230433812e-07	5.33403873780159e-05	AT5G41590
-0.678827070518273	6.84081615998723	25.4048079390143	4.64758353220222e-07	5.86614173502894e-05	AT1G52000
1.01694904057797	4.28144154404189	25.2469667035815	5.04388326047205e-07	6.32303950503258e-05	AT3G60390
0.766786077693668	7.55773315020635	25.0816033936631	5.49546458343407e-07	6.84259603672453e-05	AT3G53180
1.1086076682644	3.16865594107072	25.0037649654904	5.72184749366363e-07	7.07665809484787e-05	AT4G29610
0.712521971054796	3.96953013543208	24.9286318261649	5.9492273562537e-07	7.30410934844816e-05	AT2G03760
1.53684858289732	0.570360459602031	24.9156457964434	5.98943614118348e-07	7.30410934844816e-05	AT5G26290
0.992072038293196	3.0529869040024	24.9043408672872	6.02466149861146e-07	7.30410934844816e-05	AT5G27420
0.587089196463269	6.99893544112027	24.8697050401093	6.13388263106753e-07	7.38792085786356e-05	AT2G34510
0.794947481632377	3.17113210433149	24.7708224143491	6.45674920446346e-07	7.72629703505537e-05	AT1G15100
0.825557303410452	2.86899145969145	24.687474321437	6.7420933301045e-07	8.0156965088494e-05	AT3G22800
1.42901815142936	1.1612960222354	24.630269639605	6.94521913501119e-07	8.20426270640937e-05	AT5G65510
0.644184943763299	5.69631965480056	24.5931872897293	7.08016018387781e-07	8.31039438652868e-05	AT1G55690
1.66038212723546	2.55953261189993	24.4033644765843	7.81321223161279e-07	9.1127768989975e-05	AT5G15190
0.791833895770582	3.5558607476969	24.3317982113016	8.10893471099088e-07	9.39820433044906e-05	AT3G21270
-0.921112912633094	4.15516866426249	24.190897875966	8.72436307582856e-07	0.000100482851725855	AT3G56400
1.53197175992191	0.938454525937054	24.0928292798378	9.18015108621543e-07	0.00010507566721539	AT3G23230
0.660550456117942	4.131867235878	24.0796187103451	9.24334729409827e-07	0.000105145928355335	AT1G09390
0.618804666896856	4.7598325886679	24.0545643231339	9.36440226176723e-07	0.000105869450846532	AT2G16700
1.00033245530277	7.13493250103809	23.9428284306701	9.92392754745824e-07	0.000111511059051561	AT1G19020
1.14906399849539	1.98675551810745	23.8558746328057	1.03824541774474e-06	0.00011595628217091	AT2G37980
0.64000437367731	5.38392753800188	23.7741604512846	1.0832699903121e-06	0.000119556759660197	AT3G48090
2.13651125771716	-0.410186333833273	23.7738249962718	1.08345880525575e-06	0.000119556759660197	AT2G43470
0.783668090278091	3.63359526639097	23.6158181573727	1.17616679695027e-06	0.000129014296036903	AT5G11160
-0.876988091272872	3.13406653301054	23.5621172106298	1.2094536327213e-06	0.000131880541679219	AT5G47800
0.61078657138356	5.92811225298368	23.3722392267128	1.33491185134488e-06	0.000143858219863061	AT1G78580
-0.665690182364696	3.50824359333811	23.2716371503672	1.4065905516556e-06	0.000150701457476218	AT3G16330
0.82401158850642	2.74272618283153	23.1420492782545	1.50464049620973e-06	0.000160274653550016	AT5G67520
-0.725692692269314	7.14037202360383	23.0932668928143	1.54330186873235e-06	0.000163448085270114	AT5G51550
1.35083054184542	0.990854255219848	23.0233617645922	1.60044711865864e-06	0.000168531654300808	AT5G46295
0.751458295202938	2.98998851640557	23.0123628323189	1.60962967088472e-06	0.000168535543040134	AT3G13620
0.610544751004292	4.98835543521488	22.9661465723423	1.64879481649079e-06	0.000171660965414081	AT2G40460
0.749251903764184	3.86238945752709	22.7554972709556	1.83977099321558e-06	0.000190467976758296	AT1G77380
1.38960325212896	1.28614447562626	22.717146349372	1.87685643814383e-06	0.000193221846045333	AT1G67110
1.04943214690223	6.02114659592023	22.6949916771442	1.89862083358546e-06	0.000194376581785071	AT5G40390
0.691401333189878	8.51646876953292	22.6474873845838	1.94614552919639e-06	0.00019814126967973	AT3G15356
1.9734074412206	-0.113408925177618	22.4756096465574	2.12828895540581e-06	0.000214317534809936	AT3G13404
0.80344089950982	4.9127586254571	22.3224175101488	2.30500027419523e-06	0.00022994761486506	AT4G29310
1.47080825009553	3.57615963296192	22.3195369271015	2.30846042706946e-06	0.00022994761486506	AT2G36590
0.625394201525592	3.92970444050844	22.2049067877399	2.45046741697744e-06	0.00024278071806484	AT1G23330
1.61886596885024	0.254863016544532	22.1529377433319	2.5177040867434e-06	0.000248108293639077	AT4G30180
0.733097482403779	4.84678590427017	22.0086306961987	2.71427185353933e-06	0.000266056392111824	AT1G72210
0.684464651138922	4.06851961306999	21.9246945188033	2.83561409310373e-06	0.000276479875702198	AT2G38760
1.38974524902721	2.21975269370621	21.6108069560927	3.33964801701621e-06	0.000322250824210274	AT1G21520
0.834534158430815	5.27930585813853	21.6105927436102	3.34002102366846e-06	0.000322250824210274	AT1G33610
0.923855915420741	2.27252906612604	21.5292825603129	3.4846685420208e-06	0.000334455582772704	AT3G11720
0.701381344371671	3.32775716772507	21.341615942951	3.84297724067446e-06	0.0003669346351873	AT4G18170
0.655313643095049	3.371739725204	21.2554133041594	4.01973532097472e-06	0.000380858562233411	AT4G37410
-1.09151536292926	2.63287651640759	21.1454100809214	4.25719654036985e-06	0.00039908492947375	AT1G13670
1.01729677415066	3.06845342035368	21.1413078257578	4.26631924822708e-06	0.00039908492947375	AT1G70560
-0.696928765849992	4.02483104002843	21.0449678916971	4.48629528709326e-06	0.00041754267449775	AT4G19700
1.5102834269442	1.87874683902958	20.8433111715127	4.98429852225783e-06	0.000461251024544735	AT5G44005
1.03149992194006	1.95725157425978	20.8349975675147	5.00598029677377e-06	0.000461251024544735	AT2G31020
0.956228100418468	2.09050273535997	20.7079957752222	5.34921668726653e-06	0.000490424702054465	AT1G35830
-0.644812161585523	3.83032360250252	20.6357114895215	5.55502094595753e-06	0.000504275497498056	AT1G74940
1.06833144358801	2.8911381992783	20.5916959813479	5.6842138188397e-06	0.000511056280551294	AT4G16780
1.05346333797994	2.01990997247223	20.35372364788	6.43677088258889e-06	0.00057580977584635	AT1G53060
1.82529864485629	0.895965231389496	20.2892030268657	6.65752166041633e-06	0.000592680237478996	AT4G16000
1.01150797771472	2.31557511112498	20.1847975950044	7.03094877961743e-06	0.000622915019763413	AT4G26200
0.783291193777389	4.99925096563059	20.1528259563061	7.14945416648277e-06	0.000630383451578682	AT1G49660
1.09056143391828	1.93827582386985	20.1148574715435	7.29279470983986e-06	0.000639960099585376	AT5G03670
-1.34844211769628	2.39468864745343	20.0792830392939	7.42971400298851e-06	0.000648885164204134	AT1G29270
0.792782186483899	3.99628215983427	20.0579425246762	7.51308493618867e-06	0.000653071364170211	AT1G67800
1.00056943032117	2.67197251894432	19.9739326277574	7.85051384377064e-06	0.000679198446539931	AT4G37400
0.908459855393046	4.02429945565685	19.8364878372075	8.43569209119608e-06	0.000726415578768979	AT1G56430
0.588881972013737	8.54602151428169	19.7900277845663	8.64324478548549e-06	0.000740826580962449	AT1G78830
0.731365111738112	7.16087501485518	19.6827267107115	9.14240310441681e-06	0.000779982427815709	AT5G20230
-1.04864792437422	1.53376657863446	19.6560322954437	9.27101680500788e-06	0.000787310127569978	AT2G34080
1.2854785109683	1.11642506203547	19.57803072383	9.65733312114159e-06	0.000813776279240674	AT3G50840
0.989411888363349	2.30035256257517	19.3626769319613	1.08099236498506e-05	0.000905478513724763	AT1G26380
1.32743485874614	1.61253438296789	19.1556416158209	1.20480875379836e-05	0.00100009980698181	AT1G18330
0.688340392979653	3.81617121083667	19.1108504035577	1.23341672582162e-05	0.00101925575889869	AT5G49665
0.639982031414317	3.39229184542667	18.9387513631818	1.34982788364022e-05	0.00110064726724434	AT5G54130
-1.15902870250609	1.68057366052878	18.8605219414362	1.40633203437416e-05	0.00113666169865996	AT4G25760
0.589047660082057	6.09543853643459	18.8283660959177	1.4302412056316e-05	0.00115093820687245	AT2G39210
0.677537393964996	8.01628800507703	18.7773254265765	1.46903316309847e-05	0.00117701491867733	AT3G16530
0.687267588867101	3.70726447904668	18.6313248887288	1.58593153510763e-05	0.00126517516575599	AT2G23680
0.995733715449288	2.57664602465306	18.6185277571471	1.59661285403039e-05	0.00126820610664104	AT1G09240
0.813716340526199	3.37408698648413	18.4709336987352	1.72515383033383e-05	0.00136442638563913	AT5G62960
-0.615687847050806	4.79707670288674	18.404222564217	1.78661626063797e-05	0.0014010112532356	AT1G68500
-0.593564222604756	3.75300996481652	18.3186681254612	1.8686701171515e-05	0.00145914631012152	AT2G27060
-0.619127807286618	4.40867133721965	18.2834839422816	1.90350363381588e-05	0.00148007447105312	AT4G27900
1.11617826902679	1.68594484849999	18.2107257983165	1.9776198099003e-05	0.00151848241070178	AT1G58190
1.37989679410777	0.966003369300319	18.0002221595295	2.20879191170096e-05	0.00167978682956275	AT1G67460
0.886902315931466	4.43901294180867	17.994842004199	2.21504340994003e-05	0.00167978682956275	AT1G10585
0.857871436852355	1.92864010599529	17.9701033942948	2.24401814166093e-05	0.00169478550469375	AT3G57130
0.641763178672501	4.18497574979183	17.9401245972795	2.27964120600206e-05	0.0017146623732329	AT5G50915
1.08039546296092	3.05699333326272	17.8747944123597	2.35925222550067e-05	0.00176732926876123	AT3G62930
2.11832213053703	0.766740313013272	17.7854677170234	2.47264641085317e-05	0.00183887483910027	AT4G03610
-0.643639148386182	3.15008708299502	17.7838746804005	2.47471760417228e-05	0.00183887483910027	AT5G11550
0.954778347347127	1.55068176365615	17.7106196764299	2.57186772543951e-05	0.00190338869254615	AT4G25780
0.701171326091595	3.52251824466802	17.6608998266309	2.63998019617271e-05	0.00193891253968679	AT5G03720
0.899818012496348	2.58502544870997	17.6602294587351	2.6409108284208e-05	0.00193891253968679	AT3G18773
0.997380032036043	2.82752216852149	17.5732760501508	2.76446087403399e-05	0.00202156686455152	AT1G21110
0.612299247210049	5.12967732781848	17.5647411903488	2.77689660882469e-05	0.0020226344153131	AT1G21010
-0.690226779110185	2.9515286181678	17.5489868583173	2.7999993368937e-05	0.00203143258977469	AT5G42750
-0.889423349426356	2.7157529552158	17.4104648627684	3.0116330442486e-05	0.00217640681331032	AT4G14130
0.948252193245958	2.41932336109017	17.2896827350392	3.2092461218486e-05	0.00230116683009439	AT3G46700
1.34824259228891	0.52323181730625	17.2408814829468	3.29274063703463e-05	0.00235188466896411	AT4G39410
0.588961826717743	3.48684614925837	17.1958994584558	3.37163339024572e-05	0.00239893668399413	AT1G77690
1.13986374037817	2.75040628593823	17.0717248650429	3.59942324723429e-05	0.00255116044615513	AT4G15690
0.662494674047541	3.58385364389041	17.0017129603626	3.73461104071228e-05	0.00263649791345143	AT5G19100
-0.881701689266577	1.81708667376182	16.9689028896558	3.79970988241266e-05	0.00266239747958557	AT3G22810
0.844638321147952	2.55540583800702	16.8269434174153	4.09477868715218e-05	0.00285827960783486	AT4G30250
-0.792735754593232	4.51340859743842	16.8142757501233	4.1222031232639e-05	0.00286656449643423	AT2G25790
0.641154415460552	3.77605408231999	16.7566186415164	4.24937758597788e-05	0.00294389211106768	AT1G30730
-0.759970660079176	3.05792358925172	16.6920808806362	4.39641377205314e-05	0.0030223754251053	AT5G15830
1.01945734164043	5.38497651432234	16.6854241871602	4.41186775208013e-05	0.0030223754251053	AT1G21050
0.875667062292742	5.45484119172337	16.6705350642863	4.4466318795692e-05	0.00303490860284079	AT2G38750
1.34978595860191	0.852987818785864	16.6462149787045	4.5040093897228e-05	0.00305946709881407	AT1G53625
1.2052960012292	0.56303421991574	16.3538755159595	5.25485959630026e-05	0.00353418075330735	AT1G74458
-0.760922641936761	3.59220874929695	16.2654100823775	5.50599483807696e-05	0.00366297736014737	AT5G47380
0.84423598346916	3.41297709331388	16.2561599129921	5.53294149162062e-05	0.00366766351825845	AT1G01010
0.651228481587575	3.1258816208294	16.1955154899691	5.71291988035011e-05	0.00377339381917892	AT4G39770
0.676359099761022	3.28332167487831	16.0458785804545	6.18260524809396e-05	0.0040545569221308	AT5G07610
0.800531110174202	2.81952429238408	16.0145350744803	6.28580483114962e-05	0.0041076174265399	AT1G67810
0.923018090193231	2.01820017573669	15.9683741595956	6.44095462325905e-05	0.00419413115891935	AT5G65170
0.767620692711417	2.29231214223358	15.863102794726	6.80934243313422e-05	0.00441840008302104	AT5G01840
-0.594532409449041	4.18996628267399	15.4097225868887	8.65418772625547e-05	0.00549928866963572	AT2G45340
0.832599179131563	4.24024626724931	15.3540810170441	8.91282010288144e-05	0.00562484413890066	AT5G26260
-1.00162419766026	6.8038322155597	15.1481656083202	9.93948348760598e-05	0.006230095296245	AT2G23170
0.671384549200563	3.9975139681304	15.1267576068725	0.000100528289178233	0.00627978072195415	AT1G09575
-0.608160620218427	6.83450826995247	15.025230304948	0.000106083401866555	0.00656008365636535	AT3G23730
0.719888796795817	2.87700418625759	15.0151800033499	0.00010664984412321	0.00657305460703181	AT1G77885
-1.10385487096424	1.6104394666063	14.9218475088975	0.000112057727719631	0.00686046447314739	AT4G09820
-1.01886378668577	1.37781168064557	14.840231909286	0.000117012508910383	0.00710044065890605	AT4G31910
0.597349549358527	4.74310264109596	14.8326787139106	0.000117482057637927	0.00710044065890605	AT1G28190
-0.661262584958952	3.15947296035059	14.8177969758913	0.000118412746554836	0.007131078736969	AT2G40970
0.613349495535431	6.87533555311778	14.7928995594822	0.000119986431277408	0.00720231255889272	AT1G19450
0.678716964708069	4.23546052769989	14.7679502195825	0.000121584518271236	0.00727454383994262	AT2G35060
0.650557787029683	4.82312648962766	14.6651805797651	0.000128396367526019	0.00765724356236076	AT3G17120
0.627601065954098	3.9595794655403	14.5629470546153	0.000135553988242311	0.0080321186344994	AT2G39220
0.836286027210902	2.42904647463071	14.5481548446163	0.000136622384149814	0.00806947850997684	AT2G18196
-0.688265976210698	2.40929484002796	14.5111743327238	0.000139330615359773	0.00820314562252363	AT2G03500
0.794787766289649	3.25504613500064	14.4097702149702	0.000147037456009817	0.00860192456936158	AT5G39785
0.639081898352509	2.5453524818115	14.242301986206	0.000160716844787886	0.00931349061556968	AT5G07620
0.612967573706764	2.87622025863472	14.1664593425727	0.000167326828343143	0.00966614041601079	AT3G58850
-0.998176357338332	1.38275212486794	14.0716566498851	0.000175975719226409	0.0101024316321005	AT3G25130
-0.90141035340737	1.37884891048438	13.9258555398997	0.000190164539428272	0.0108159016437784	AT1G14190
0.677732940316599	3.57821739450696	13.9168226057417	0.000191080587917045	0.0108345633050317	AT4G34770
0.679042078590027	5.48152860881837	13.8239493815563	0.000200760814442403	0.0112793301480018	AT1G22770
0.948505517422572	3.06644640826657	13.6239860570329	0.000223314055323781	0.0124703982166868	AT2G32510
-0.715965059361112	2.28361956767391	13.6173622367474	0.000224103329193547	0.0124766651068842	AT5G05790
1.04820856010765	2.10131364264313	13.5825439413817	0.000228298628548167	0.0126338952759328	AT1G14630
0.796066939063531	1.96460923522261	13.4285155218812	0.000247828148828845	0.0135117666467987	AT5G38240
1.02702207376734	1.40958816110054	13.2327606695436	0.000275098336306088	0.0146517691949381	AT2G31180
-0.642900476184435	3.48286328829345	13.1465544470168	0.000288048446663852	0.0150799908384133	AT5G01740
0.717468660142327	1.93357912598808	13.1099090076231	0.000293737954376274	0.0153308613575288	AT5G03890
1.36206844119843	0.0563000651102386	13.1050279416246	0.000294504282644084	0.0153308613575288	AT1G24430
0.844153075609345	5.41592051832385	13.0734684223911	0.000299508016912211	0.0155474189736851	AT1G18400
0.993035185455835	1.0029223937754	13.020382224018	0.000308118919856599	0.0159494816154983	AT5G25160
-0.704403318183675	2.58766521386897	12.8363056044402	0.000339958166029248	0.0171168007748278	AT1G50420
-0.848115733726577	3.23379559594654	12.7849555612787	0.000349418066084277	0.0174974894614159	AT3G13960
-0.645331074368114	2.95141676414503	12.701194266	0.000365422122745701	0.0181021475213919	AT1G69780
1.5151252279501	1.86466585539369	12.6142220308804	0.000382822834923209	0.0188124245385731	AT3G03820
0.608607932712528	5.5513889213546	12.5348896334826	0.000399423204333726	0.0195240605025515	AT3G28040
-0.712225445456073	2.77833780658226	12.4759496096181	0.000412225044519738	0.0200434910828753	AT2G41130
-0.782615237254576	1.8429663323375	12.3573869019101	0.000439245051295134	0.021189549228447	AT2G34140
0.95214628484644	1.11579431860541	12.2726383063048	0.000459647981663577	0.0221159086321055	AT2G04100
-0.841628054263901	1.45738991435963	12.2406858692682	0.000467586383084066	0.0224392756965447	AT5G46590
-0.986340869189171	0.866289481386476	12.0806432462222	0.000509480167031397	0.0242602080569886	AT3G52460
0.991190771539786	0.816282890791295	12.0482494735912	0.000518410389709901	0.0246218212927166	AT4G18610
1.14006126036265	0.932230482355009	12.0240831878527	0.000525175248055811	0.0248789960698521	AT1G47510
-0.695828854952205	2.93760761460046	11.9671315334059	0.00054147232339461	0.0253899541361727	AT5G50160
-0.609997566873611	2.71858542326783	11.6140983282017	0.000654537622606474	0.0299300727280201	AT5G15150
0.944407692822931	0.812649364231598	11.5637773366245	0.000672490962452147	0.0305991690273288	AT1G07290
0.593964613399687	5.0827138217911	11.5345633135073	0.000683141221867641	0.0308552118543551	AT3G51660
0.756955125809484	1.73452825569237	11.5253815697784	0.000686523582029248	0.0308567233405731	AT1G68870
0.814549765349938	2.76187335058458	11.5195610944579	0.00068867647789814	0.0308781755102358	AT5G39030
0.931311039027232	0.763431195941452	11.4616269513427	0.000710480709975743	0.0316249722788236	AT3G48550
-0.829675235834136	1.30218063964786	11.4571262615	0.000712203517466834	0.0316252684816357	AT4G38410
-0.604305343427163	2.31255366702265	11.439006887928	0.000719182190956092	0.0318583880166799	AT4G10380
0.60718133314642	5.70546161916585	11.403861780089	0.000732915916492366	0.0323889076957346	AT2G43550
-0.659684072309951	3.44786350175176	11.3799151196144	0.000742425097715298	0.0326525291186098	AT3G61890
-0.610430945603945	3.36928892039502	11.3598783742848	0.000750477388560721	0.0329280888485642	AT2G31110
1.01527859355184	0.868349986776652	11.305201731996	0.000772902504265242	0.0335920928033016	AT1G78410
0.675103504040809	4.5881638294826	11.2336180176341	0.000803288976947313	0.0348306100404355	AT5G56860
0.681799098277655	3.57038886156647	11.1895043922118	0.000822613143528843	0.0355847770163134	AT5G64770
0.771933635856743	2.27422909518445	11.1590735219513	0.000836216732851945	0.0360885291639242	AT1G15580
-0.805697516333004	1.59529648981689	11.1441350313609	0.000842977706184053	0.036185510863813	AT1G49470
0.730241043522729	1.98538631025908	11.1411072357593	0.000844354768365509	0.036185510863813	AT3G45710
-0.677495963634436	2.13802420441683	11.0321504535916	0.000895452123199041	0.0377606217993408	AT5G67090
1.00153409331179	1.69402174179526	10.941050974848	0.000940568017023362	0.0393926986766057	AT4G16008
0.61407294271005	3.01782740221745	10.9337679055746	0.000944272599586937	0.0394581756580228	AT5G15820
0.617000836414547	2.40825325524262	10.9165189503957	0.000953105354087315	0.0397371616857942	AT4G14550
0.674588949710959	6.76840869389855	10.887968688281	0.00096790919849436	0.0402632747400769	AT1G29690
1.11816637313375	1.70731044987447	10.7878475366379	0.00102168615253482	0.0420259652207848	AT1G36622
0.943411865690521	0.788040937535304	10.7802623692898	0.00102588139168144	0.0421045485209477	AT5G10970
0.615521497196459	2.13075131416848	10.704089888572	0.00106898959679301	0.0436792467620877	AT1G64170
-0.769212041481082	2.18111123404346	10.662648878623	0.00109320721992338	0.0444715731760441	AT1G23000
0.651029979161949	3.10139711941376	10.6510897366631	0.00110006071034076	0.0446518034585012	AT2G33480
1.13033756923292	0.283329469191982	10.6316160316634	0.00111170523847669	0.0449373054818036	AT5G52600
-1.06250256527706	0.959123535511797	10.5658164257778	0.0011519814436712	0.0463509040261418	AT5G64530
-0.780067161661209	1.79861676283303	10.540220958684	0.00116804454814792	0.0468948255626795	AT4G35900
0.703399783541649	2.1010150360485	10.4663281414444	0.00121570113314788	0.0481783666272025	AT1G30757
0.717640435380153	2.41182938794122	10.441163157083	0.00123237637849123	0.0486300469011485	AT1G67920
